-19 6 -37 2 533 17 -32 29 -15 -35 -21 23 -542 557 13 26 -12 -8 -7 -1 -15 -28 28 1 556 -3 3 -19 33 567 
1529436
250 -294 255 -260 -299 283 284 -250 268 278 -280 -267 249 293 -250 -298 -264 261 -272 -262 -272 -254 -250 259 -281 298 -279 -257 -258 -273 -263 -269 278 286 -258 277 268 296 -259 -282 -267 -296 272 267 280 -264 283 -295 -259 275 
3705474
-290 -264 252 -279 -259 264 -268 -253 263 258 263 288 -291 290 283 -272 -291 -281 270 249 -287 268 264 -250 -258 -261 251 297 -297 268 -292 267 -265 -279 290 292 296 291 263 -281 260 295 265 289 290 -264 -282 -263 293 270 -264 -249 -279 -268 -269 260 -279 -297 -281 -263 256 -295 298 -279 272 -252 268 249 -270 255 
5237277
-280 298 -269 285 -249 275 262 -253 290 -255 -295 -259 282 -295 -290 -292 263 -261 271 291 -265 271 -257 -298 -280 -261 295 255 -259 278 -289 -284 286 275 280 286 -261 -267 291 -269 -255 296 265 256 267 271 -264 -260 251 -296 272 291 -280 295 -259 -290 273 261 -279 268 -260 -275 276 -288 -294 -271 252 268 271 272 -270 -256 -265 270 272 -299 259 286 293 -258 -265 271 -285 -295 260 -297 -288 277 -257 283 
6798704
-287 262 264 -251 -292 262 -266 -267 274 -292 297 -253 266 -284 261 256 270 272 295 257 -284 277 -264 -297 -291 -288 -255 -273 -259 -260 -276 -270 273 -288 -298 -266 269 298 -268 272 249 292 276 -296 291 -297 -249 -288 -270 -288 272 -267 -269 -259 -261 -250 -275 274 278 285 -262 264 284 -297 291 249 -261 -275 258 -264 -295 295 -281 265 -286 -253 261 279 275 -288 277 294 256 253 290 -281 261 -253 -270 -285 289 268 288 -282 -268 294 -257 288 -280 -266 
7540475
