c A SAT instance generated from a 3-CNF formula that had 800 clauses and 128 variables
Exactly-2
p cnf 128 800
9 -70 66 0
-50 -42 69 0
-70 31 -45 0
-107 50 6 0
125 85 122 0
-106 22 67 0
117 57 41 0
108 -93 -111 0
-47 50 126 0
-52 -51 91 0
-42 -18 88 0
-22 -78 82 0
-39 94 -44 0
120 -119 -93 0
-6 -107 -26 0
-93 111 -108 0
-112 -36 87 0
-120 126 116 0
-80 35 83 0
88 -124 -17 0
-99 -72 58 0
13 -99 51 0
44 13 122 0
-9 -11 92 0
-38 86 21 0
-79 127 49 0
-101 -78 -82 0
3 75 -51 0
20 -31 -33 0
118 62 43 0
30 -54 106 0
80 -97 107 0
-21 85 96 0
-96 58 -41 0
104 83 19 0
-25 35 -126 0
-55 -62 60 0
-10 56 25 0
2 -59 -54 0
120 -50 114 0
81 -59 74 0
-27 -64 -15 0
-105 48 -97 0
-32 55 -15 0
-32 20 80 0
-67 -22 -7 0
86 -118 -5 0
90 88 20 0
116 -75 49 0
51 112 -3 0
17 34 -61 0
107 -30 42 0
-45 113 -73 0
108 -81 98 0
78 -51 10 0
49 63 -31 0
-24 -87 82 0
118 -62 120 0
64 -49 -62 0
-106 84 51 0
26 25 -54 0
54 98 103 0
73 98 128 0
68 -10 75 0
-112 82 63 0
-22 25 -64 0
113 -8 72 0
-101 121 -117 0
-35 123 -82 0
88 119 -9 0
-63 29 -101 0
91 42 89 0
-62 34 87 0
-77 -16 75 0
95 85 27 0
-6 -99 11 0
-41 3 -91 0
-88 64 -101 0
66 11 -48 0
-85 -63 -7 0
-93 61 42 0
109 -20 92 0
11 -112 -20 0
24 -126 54 0
-112 119 -6 0
120 65 124 0
71 38 124 0
73 74 72 0
23 -13 -31 0
86 94 13 0
-10 69 53 0
-77 -2 -62 0
66 68 118 0
-101 88 35 0
-78 -103 -18 0
-104 -72 114 0
55 -7 -41 0
-60 120 -101 0
-87 -70 -100 0
97 -127 -13 0
-106 77 69 0
36 -67 31 0
33 46 -39 0
-70 94 -29 0
-99 -45 90 0
-80 71 88 0
92 114 -90 0
71 -22 49 0
107 -29 -36 0
60 -26 30 0
-39 93 40 0
-59 -32 110 0
-49 62 34 0
-122 -117 5 0
112 -86 -110 0
3 -110 -51 0
-85 -80 67 0
-76 -49 -94 0
-5 26 -39 0
-107 -75 102 0
-71 122 126 0
-16 -53 66 0
114 115 -76 0
95 7 113 0
-5 119 8 0
34 21 -7 0
25 -5 -36 0
-80 58 73 0
9 -3 128 0
73 23 -13 0
37 -99 -67 0
-65 91 54 0
69 95 47 0
-117 -83 -54 0
-25 67 -96 0
-20 78 70 0
61 77 -104 0
-83 -105 55 0
92 87 -34 0
94 -89 37 0
5 -70 -55 0
-58 -76 -107 0
14 -24 -121 0
-114 -62 84 0
65 42 122 0
-18 58 -9 0
-10 115 92 0
-12 119 -86 0
-68 45 55 0
-14 -110 -84 0
-57 19 -105 0
-10 94 -72 0
88 -35 -24 0
-106 -9 -56 0
35 83 14 0
-65 -109 -84 0
31 -83 -100 0
-103 124 81 0
124 -4 70 0
109 -71 100 0
-96 -85 50 0
-100 3 54 0
93 -27 -20 0
-126 19 20 0
13 -17 -51 0
-115 -94 49 0
104 44 -31 0
-24 73 -92 0
-27 -34 126 0
-6 72 -120 0
66 56 98 0
84 86 -117 0
70 -19 -94 0
-48 28 -116 0
-24 -26 114 0
-96 -114 17 0
-61 -4 -82 0
-54 -126 60 0
127 -104 -35 0
-92 1 -94 0
-60 -36 82 0
-103 15 -109 0
-5 -46 8 0
76 49 26 0
40 108 -79 0
-7 -37 98 0
-5 52 24 0
-16 84 -101 0
-11 23 -33 0
54 -3 26 0
71 -72 -109 0
-23 56 -65 0
-96 -85 68 0
33 -62 -14 0
-96 -120 -122 0
97 -115 -12 0
-90 27 52 0
5 68 -87 0
-17 71 -64 0
84 -128 103 0
-93 -116 103 0
-23 125 -91 0
110 -69 70 0
75 55 -84 0
-114 121 -32 0
-33 111 -77 0
-81 30 104 0
122 -96 -40 0
-69 95 110 0
47 -118 -84 0
-50 119 -94 0
-102 84 28 0
125 5 -45 0
-111 -37 -84 0
-28 -55 -107 0
-127 -91 -18 0
-63 -100 -33 0
-18 -71 -11 0
-126 -91 109 0
-124 -87 -104 0
124 111 -76 0
-30 107 -19 0
37 89 -88 0
15 11 110 0
29 110 -23 0
-96 12 -97 0
113 -104 -85 0
-1 109 -61 0
-16 29 -114 0
13 -73 96 0
14 -27 42 0
-110 108 2 0
116 -107 86 0
-102 116 123 0
68 -113 -30 0
29 -98 2 0
-64 -39 25 0
-55 -115 -116 0
45 112 55 0
42 -110 -61 0
115 120 47 0
5 -102 30 0
32 108 102 0
-16 -118 110 0
113 -62 102 0
29 -104 -19 0
38 52 -122 0
44 -8 -45 0
52 -43 71 0
125 -29 66 0
89 -42 -58 0
-113 -63 -6 0
-8 49 -23 0
118 23 79 0
6 90 -12 0
101 -20 82 0
-103 -61 24 0
-116 95 -76 0
-114 24 -21 0
106 50 -57 0
54 113 85 0
22 -70 -93 0
-17 29 3 0
18 -83 63 0
87 53 -35 0
-11 82 -12 0
49 51 30 0
40 -98 -124 0
107 -65 86 0
127 -18 120 0
73 78 18 0
105 69 74 0
-96 -66 -57 0
50 104 -117 0
-14 98 -59 0
67 -41 -62 0
-120 -58 59 0
-86 70 110 0
66 60 16 0
-90 -97 86 0
-104 79 -4 0
-113 -80 77 0
-3 -109 -42 0
-52 -19 -28 0
-14 -9 51 0
-112 27 84 0
-91 10 -69 0
-64 32 -79 0
-122 114 -51 0
-67 -64 113 0
93 -13 74 0
99 56 125 0
-32 48 -116 0
11 -24 -48 0
92 -18 -76 0
9 -73 57 0
-94 -85 -45 0
106 -107 20 0
79 71 9 0
79 -23 -124 0
-18 -38 126 0
84 -80 86 0
73 13 -101 0
64 35 24 0
-46 -1 113 0
27 123 19 0
-115 82 47 0
121 95 86 0
-122 -55 59 0
27 -31 84 0
42 60 75 0
-51 -14 -105 0
85 -20 53 0
-94 88 108 0
34 -12 -128 0
3 -54 -102 0
-109 112 -48 0
-83 -22 -64 0
90 -29 55 0
-112 -86 -119 0
76 -54 -17 0
78 -32 -67 0
53 123 -29 0
-119 19 -24 0
-51 41 110 0
-82 -25 40 0
100 -66 -65 0
-9 -10 -39 0
100 -110 -58 0
-44 13 -89 0
65 -88 78 0
-125 41 25 0
39 100 33 0
119 -29 93 0
34 -4 -25 0
-108 81 82 0
44 109 -60 0
101 37 -36 0
60 -110 38 0
121 20 -123 0
113 -81 102 0
18 -8 124 0
58 24 -29 0
-35 46 12 0
62 -4 22 0
84 27 95 0
71 -6 -84 0
-73 -123 9 0
72 -91 -22 0
55 107 67 0
41 88 -114 0
105 -108 -38 0
-17 -84 24 0
-16 -8 -38 0
97 -93 57 0
-12 121 86 0
-19 -23 70 0
-25 -98 -22 0
-57 -64 -77 0
36 25 -106 0
68 21 127 0
-38 -13 -41 0
-116 106 5 0
-84 -2 -86 0
86 51 120 0
-70 -82 104 0
124 -103 -106 0
-16 -72 -4 0
-49 -13 104 0
-69 -9 108 0
-89 -8 -65 0
-110 -10 91 0
-76 -29 -40 0
96 -30 24 0
48 -11 28 0
-27 -99 40 0
2 19 -114 0
71 62 27 0
17 124 -116 0
84 -34 95 0
-42 108 27 0
-93 -57 38 0
101 -77 -26 0
-103 -99 114 0
-8 -128 -75 0
-124 -1 86 0
-70 85 -102 0
89 -128 -42 0
80 115 109 0
57 47 28 0
82 -101 -107 0
96 -54 -126 0
-18 4 114 0
90 107 -116 0
-32 33 42 0
1 109 -110 0
40 53 -81 0
-46 -50 -37 0
10 92 43 0
37 -13 -34 0
122 -115 -87 0
-125 20 -100 0
92 114 -53 0
37 5 -71 0
97 -31 110 0
31 106 49 0
-10 -114 -74 0
-74 -16 -65 0
-117 104 -29 0
-73 -15 -123 0
-122 -20 -30 0
-34 42 -5 0
-4 -29 -126 0
-66 -127 -121 0
57 93 11 0
14 -113 -98 0
77 -64 -32 0
91 -106 -111 0
-50 104 -92 0
-107 -54 -69 0
-14 -42 107 0
-27 71 -23 0
-85 17 19 0
-32 95 2 0
-8 -68 -44 0
82 -1 -77 0
-33 -56 -57 0
127 -39 -79 0
90 -74 -63 0
-95 -42 71 0
-24 -99 -15 0
41 -51 5 0
124 95 -99 0
-61 31 79 0
-13 18 113 0
-73 22 42 0
19 37 -32 0
79 -92 -100 0
-128 -4 25 0
-127 -67 -87 0
78 56 76 0
29 42 -68 0
64 61 -82 0
-11 91 -106 0
46 -53 97 0
-5 -11 -41 0
-99 -75 -12 0
124 118 90 0
-70 32 -1 0
-28 58 32 0
-44 88 -125 0
-122 -29 15 0
-117 96 -21 0
-70 51 50 0
58 -74 -3 0
-5 -47 -21 0
-103 94 -25 0
81 65 -14 0
86 -68 60 0
-110 -62 -76 0
104 -15 -72 0
-122 -104 -39 0
87 -128 -99 0
-114 -52 -15 0
-15 -49 -48 0
82 126 -54 0
32 105 -126 0
-112 -33 73 0
-42 -32 18 0
-96 112 -34 0
40 38 33 0
31 102 125 0
-73 -79 -80 0
-2 94 -6 0
-97 10 68 0
124 76 -44 0
-109 50 103 0
55 -9 6 0
-71 74 -30 0
-47 101 58 0
126 -6 -127 0
122 128 115 0
-73 -75 -79 0
-35 -19 119 0
128 39 60 0
103 -90 98 0
13 -35 -49 0
35 -68 102 0
-97 -62 63 0
-6 -12 -97 0
-83 3 20 0
-108 12 -123 0
-64 -34 48 0
122 103 -86 0
-67 7 -37 0
-7 -23 -125 0
-22 50 63 0
28 -2 -40 0
8 86 20 0
-112 60 -14 0
56 -13 -118 0
-1 5 -112 0
-24 -21 -27 0
-81 86 115 0
-10 103 57 0
-6 -67 52 0
-110 -69 109 0
92 -37 -75 0
-96 103 -19 0
20 -44 -124 0
51 -106 6 0
-59 -124 10 0
116 91 25 0
3 -6 -60 0
-47 -104 58 0
84 8 27 0
-48 -83 78 0
77 116 -42 0
58 48 27 0
80 97 78 0
37 -22 18 0
-119 4 41 0
-37 -30 65 0
97 85 72 0
105 59 47 0
-96 57 -29 0
68 53 -107 0
-48 110 -97 0
34 -60 -116 0
86 -112 -53 0
-104 -102 18 0
113 -37 77 0
-78 37 81 0
-71 -99 -98 0
104 -75 15 0
8 91 117 0
67 36 20 0
-108 100 8 0
-119 65 -85 0
24 -103 99 0
-106 -109 89 0
34 -104 -33 0
-27 -105 -84 0
-90 55 -17 0
-100 29 -102 0
40 55 -75 0
71 -77 127 0
-105 -33 -90 0
45 14 124 0
51 2 -83 0
-2 125 -87 0
-45 -79 70 0
-20 -18 -21 0
-53 -81 -85 0
105 -48 107 0
11 -63 -124 0
-84 -47 2 0
127 88 -110 0
-128 -49 -92 0
32 -8 47 0
41 43 -75 0
103 -98 -36 0
35 30 50 0
126 118 -20 0
20 -91 58 0
54 81 69 0
14 -70 -17 0
117 -86 -85 0
39 -76 -89 0
-110 61 -105 0
-55 -114 -51 0
-43 75 -64 0
65 -8 -9 0
33 93 -99 0
-55 -82 42 0
-121 84 53 0
-12 -48 -74 0
-105 33 -13 0
-56 -55 27 0
-75 57 120 0
-80 -67 -69 0
9 -66 79 0
-68 88 -70 0
-122 -48 69 0
15 -96 -80 0
105 79 -57 0
-14 -109 47 0
-13 -96 -36 0
-87 81 -83 0
-20 -24 -26 0
-25 93 119 0
-95 46 -110 0
68 -84 -10 0
126 65 36 0
70 102 -6 0
66 10 84 0
24 29 -17 0
47 111 -3 0
-49 29 33 0
77 -3 48 0
119 7 -35 0
-84 96 -91 0
11 -17 -117 0
28 -68 -17 0
-14 3 59 0
-72 -41 -125 0
-31 -30 -34 0
114 21 -96 0
-31 81 15 0
95 -17 5 0
-96 9 -15 0
85 -36 15 0
52 -31 57 0
-91 -113 53 0
-79 128 102 0
97 5 -98 0
68 -87 48 0
88 3 -80 0
79 -75 -121 0
-6 -45 -24 0
66 -43 49 0
-106 -91 -49 0
-45 4 117 0
-86 -84 15 0
69 102 89 0
105 32 -86 0
117 -114 -101 0
82 -95 16 0
115 48 -11 0
-92 -35 89 0
73 -70 -19 0
-111 61 82 0
53 -54 -8 0
-25 2 119 0
-25 -30 46 0
-97 -4 121 0
61 120 106 0
-97 71 114 0
-34 125 -109 0
-80 -3 -55 0
-115 -67 11 0
-115 -24 14 0
101 -97 30 0
104 65 98 0
40 91 -52 0
-27 46 88 0
-12 92 46 0
-104 -48 -17 0
11 95 -84 0
28 12 65 0
124 -11 -27 0
-66 -36 4 0
69 29 80 0
-123 76 50 0
-99 -37 -74 0
4 -35 127 0
-85 21 99 0
76 5 22 0
101 47 -17 0
21 115 -112 0
-88 22 -83 0
-117 -6 42 0
-74 -1 20 0
46 109 124 0
-83 -39 117 0
-41 -54 95 0
13 -18 127 0
-49 4 -43 0
38 108 -110 0
80 32 105 0
124 100 -9 0
-69 -71 -92 0
46 59 -116 0
67 -116 -49 0
-15 -115 10 0
57 -96 97 0
46 -101 18 0
39 106 104 0
-36 -1 -68 0
-17 -18 -21 0
40 -87 -82 0
85 123 98 0
-3 -55 25 0
122 -79 -48 0
-115 -50 -30 0
78 -66 -116 0
-68 -99 14 0
22 -62 -32 0
-23 -1 64 0
-59 -106 42 0
-120 20 125 0
-30 -64 -103 0
-50 -67 82 0
30 3 -83 0
66 123 13 0
40 -116 -16 0
115 123 75 0
87 -33 49 0
-104 -20 -28 0
45 -55 -95 0
68 85 110 0
-9 90 -53 0
-120 -107 102 0
46 -32 -117 0
4 -96 53 0
-84 98 -8 0
-10 -18 -116 0
16 -116 81 0
92 -128 -93 0
55 91 62 0
54 -60 -128 0
23 87 -49 0
41 -96 49 0
3 125 -119 0
-95 -59 42 0
59 -76 -40 0
-102 32 44 0
-103 -72 25 0
3 -94 -1 0
99 3 29 0
-22 13 49 0
-69 4 -33 0
27 -105 33 0
-44 58 -6 0
-73 -12 3 0
84 -75 -11 0
70 -75 -38 0
51 93 -113 0
20 -73 72 0
30 29 -73 0
26 -36 -74 0
-4 88 67 0
65 -128 6 0
-93 -9 -28 0
112 -15 -66 0
-102 -103 77 0
-19 -7 -27 0
114 27 53 0
-98 -62 117 0
-108 50 116 0
-106 120 -9 0
-84 44 -111 0
-25 -27 -12 0
119 -24 44 0
24 -87 30 0
-112 -44 -71 0
-18 -28 23 0
-97 62 116 0
61 72 -53 0
34 36 -124 0
-45 -4 -43 0
19 15 -65 0
16 -13 109 0
25 88 101 0
-30 -6 38 0
-28 113 -101 0
-36 -26 -64 0
-4 8 -26 0
-45 -55 -34 0
-112 -56 49 0
-103 -53 -19 0
74 -11 17 0
-36 107 -101 0
15 -120 -8 0
-96 -66 69 0
-91 105 82 0
25 112 39 0
99 88 -1 0
107 105 64 0
33 -77 81 0
60 -15 -43 0
-102 -74 -54 0
28 -112 34 0
49 96 -42 0
94 58 83 0
-97 103 -56 0
-57 -90 26 0
-24 -40 -35 0
-9 72 40 0
-38 -18 -102 0
-46 -23 74 0
-78 25 -42 0
32 38 78 0
6 92 -5 0
-98 108 -57 0
-93 -64 -105 0
-55 5 78 0
-119 76 115 0
86 -111 -39 0
-65 46 -99 0
-106 1 -92 0
110 -3 17 0
99 37 119 0
123 43 100 0
120 -83 -110 0
89 -104 111 0
-4 -54 -126 0
-5 -72 -33 0
-14 2 107 0
-51 -79 -74 0
