-19 6 -37 2 533 17 -32 29 -15 -35 -21 23 -542 557 13 26 -12 -8 -7 -1 -15 -28 28 1 556 -3 3 -19 33 567 
1529436
250 -294 255 -260 -299 283 284 -250 268 278 -280 -267 249 293 -250 -298 -264 261 -272 -262 -272 -254 -250 259 -281 298 -279 -257 -258 -273 -263 -269 278 286 -258 277 268 296 -259 -282 -267 -296 272 267 280 -264 283 -295 -259 275 
3705474
-286 -281 -299 -265 262 274 292 286 -249 -268 256 -261 -272 -254 -274 -299 267 253 288 267 -277 -290 -291 250 250 259 286 -265 257 298 -267 -272 298 -271 -288 254 284 -285 256 -255 -254 -266 270 269 -279 282 -280 -270 250 -254 -265 -287 268 278 -284 262 283 256 -277 -298 279 271 268 -263 287 287 282 274 -272 -299 
5236410
-280 298 -269 285 -249 275 262 -253 290 -255 -295 -259 282 -295 -290 -292 263 -261 271 291 -265 271 -257 -298 -280 -261 295 255 -259 278 -289 -284 286 275 280 286 -261 -267 291 -269 -255 296 265 256 267 271 -264 -260 251 -296 272 291 -280 295 -259 -290 273 261 -279 268 -260 -275 276 -288 -294 -271 252 268 271 272 -270 -256 -265 270 272 -299 259 286 293 -258 -265 271 -285 -295 260 -297 -288 277 -257 283 
6798704
-286 -273 -259 258 -268 290 267 -289 -258 -291 278 283 -284 295 -270 -280 -268 -265 261 257 282 -265 289 -275 268 271 -288 -273 -298 298 -261 -270 -283 252 253 249 -260 -289 268 276 263 -274 -251 -291 273 282 -272 288 -280 -256 -250 282 -253 -284 264 -283 -288 277 264 -296 294 260 299 258 -268 256 -268 -281 281 284 260 283 -269 299 -253 249 294 -255 -299 -284 -265 -291 281 -267 262 -294 -255 288 -251 275 294 283 267 298 -297 -282 -250 -265 -267 267 
7535038
