66 66
-16 216 259 217 249 -121 291 254 -44 -118 299 115 -173 294 27 106 237 143 -280 35 233 -264 -295 -1 -72 43 283 109 -66 246 273 -264 -156 75 -39 -38 -288 2 -101 273 -172 109 244 -88 -103 -93 43 50 -226 -273 66 -200 -227 197 -179 -51 193 -142 -155 -81 72 50 -189 -264 254 74
-12 199 -224 -166 -141 93 -153 -55 -176 199 208 -247 -24 81 -205 169 5 77 129 130 -208 -192 260 116 51 297 -188 19 -277 111 71 101 -139 56 28 279 97 -280 71 -248 -78 78 12 293 -283 186 212 -239 -63 240 -89 258 206 -77 -73 -226 -210 -9 32 231 11 -264 -299 -87 8 115
86 -269 -160 -66 81 -62 280 -44 23 -23 -186 78 -288 35 -25 -153 -209 -290 205 -266 -184 265 177 126 155 -267 -51 269 139 243 223 -232 1 263 -120 -31 -155 97 -233 -55 -57 82 -205 -186 282 263 116 124 279 110 166 298 257 26 -293 -170 -73 83 -171 211 -186 -38 -220 236 -127 179
-149 -271 -11 19 38 -10 250 -267 73 -245 -95 -69 96 -238 40 -290 -133 255 68 34 -101 -295 245 -195 -234 171 81 -114 203 -78 -212 -126 -118 0 272 89 81 -26 -67 299 201 -74 -123 -191 144 -236 199 -280 182 -186 138 -97 -232 -274 208 -278 204 87 -13 249 255 -225 -129 -139 -85 -191
88 12 -213 -200 11 -242 202 114 165 -59 -137 202 -67 -2 196 98 -77 152 31 104 -92 157 74 228 49 -167 -267 147 256 137 -115 188 -46 279 300 -220 183 -70 105 -290 222 -114 -285 20 290 -58 -271 146 -75 99 -112 -8 -28 -226 -92 204 -298 -2 -208 -209 -57 -159 -226 115 -195 204
55 -29 135 134 238 -113 158 -108 -223 -280 -252 58 -239 -234 69 -277 -210 106 135 -118 -173 257 16 -215 27 -211 -273 173 55 231 32 -18 130 58 252 -227 83 24 296 183 -187 -83 52 190 -43 -201 4 -232 237 -206 13 294 82 -227 130 -227 109 50 297 -12 -111 118 -209 -175 -132 70
-68 -264 -233 -12 -249 -87 -210 158 -96 263 292 244 -111 27 -67 90 -202 59 -290 222 -100 143 173 -206 159 108 -211 -95 -76 89 111 41 -115 -73 -291 84 -25 208 -47 -20 -126 173 -256 -9 188 -110 -133 116 276 -278 100 110 -33 251 23 -240 -28 -221 236 -280 219 51 -126 45 51 96
85 202 -26 -208 274 59 -282 -179 274 106 204 41 -72 -106 282 -20 -130 -280 -221 267 -273 -140 -192 201 -291 27 -108 245 -36 67 -256 76 -226 133 255 -288 -234 -92 -235 91 110 -74 -40 137 60 274 6 -112 75 19 -233 -103 33 -117 -111 20 -241 -158 175 267 241 209 226 148 -65 -86
-146 200 -201 275 -90 182 271 -90 92 186 212 25 -15 273 16 70 -176 -134 55 121 -53 76 -223 -189 -193 -59 32 204 158 179 35 -283 68 -245 169 83 242 38 133 -208 -188 69 273 -284 218 84 -278 121 -247 -144 54 143 -118 288 -2 -102 126 4 51 38 -243 -146 299 121 64 81
293 -179 87 1 290 -109 216 104 26 286 131 168 128 191 -230 -142 1 -92 165 -98 55 -221 239 271 289 256 -170 11 -1 -37 166 -129 -154 159 55 -229 -152 -182 -246 -126 219 221 -40 261 -8 -79 -21 -162 -124 1 -185 224 149 -96 -11 -241 26 59 -113 -266 -12 -120 219 239 -171 -148
240 7 -114 -10 -229 83 115 -46 35 114 147 276 283 -156 -184 -75 -33 251 179 -47 -281 -32 206 -100 22 42 112 61 268 -181 -97 -98 -268 -45 -68 -239 140 -229 272 85 297 -75 3 251 -38 88 -197 75 179 81 -73 5 144 -265 80 14 211 209 -74 81 22 -250 247 53 8 -58
63 124 150 100 -135 174 -199 -272 -226 -60 285 200 -95 162 289 -243 -247 107 -133 18 -140 -169 104 182 -154 207 196 99 -260 299 6 -209 105 -250 149 137 -57 -96 -90 -272 75 164 5 218 -269 -141 -30 31 201 39 -264 -35 -274 280 253 22 -257 47 230 -220 -146 22 -185 232 133 -263
178 -113 -168 -281 -194 -137 -239 -274 -235 -210 68 31 227 255 -5 132 111 -61 184 135 -74 -121 -42 251 -20 -220 -291 -212 -151 -283 263 26 165 51 171 30 104 -169 108 -134 40 21 -48 -4 -203 -78 105 102 -252 220 -264 31 261 127 263 -58 209 -172 33 -202 261 111 -279 6 -89 -255
179 158 -162 288 -87 -208 211 -116 213 -162 230 248 274 68 253 45 -80 126 -231 -163 -3 -186 216 -166 -9 -211 182 -300 -220 -160 285 293 25 -215 187 -127 -223 163 -109 -94 -264 185 -169 -255 -247 242 202 -155 -264 180 88 117 187 255 277 244 -160 -222 -280 -246 193 48 168 211 -108 -72
-91 136 233 26 -94 133 -37 -223 -84 16 179 81 292 210 12 -267 254 254 292 -80 47 -37 26 180 56 -275 -13 72 -83 216 -265 66 238 -94 52 -125 -169 175 271 -197 288 58 -200 -126 38 -169 -215 82 62 -153 70 -167 -258 162 255 140 196 -210 -160 -172 -122 -283 295 -72 -33 176
-8 -261 249 -2 116 165 98 211 -38 226 243 147 141 56 245 118 -285 -19 -60 39 273 256 -280 -70 49 -290 244 19 -150 -282 -153 175 -120 -96 -233 -154 2 -203 274 -289 278 153 -164 -25 -257 -248 -282 18 -272 -2 112 -61 163 162 20 1 252 -99 181 162 -163 107 90 190 139 -30
-44 -186 -12 110 300 160 78 -49 -14 -59 295 -235 168 -66 252 134 176 -114 231 -85 -192 60 -271 64 -76 293 -122 -82 49 -175 -249 -59 -66 -99 -11 -22 -31 150 -128 -212 -278 -102 -157 -169 -204 251 -238 -274 113 -234 51 -188 114 -94 229 145 -94 -21 71 -265 -246 -101 -50 -110 174 151
-36 13 -135 -61 -131 229 -6 -193 -56 145 198 52 -5 78 43 116 191 113 219 108 -50 -272 155 84 139 -90 -99 -44 95 -29 -285 -166 -144 -206 130 233 -48 -27 108 -239 226 176 160 -175 111 -194 -167 -137 -266 203 165 -265 -69 24 -39 -122 272 106 209 -117 -14 44 -231 123 74 25
-205 -190 -60 -99 -245 167 258 -224 39 53 -57 197 -299 122 -142 -126 -182 291 264 -100 -11 -63 133 40 -150 1 -259 89 -150 145 264 -139 156 -111 -182 146 40 -113 -124 63 -200 209 149 5 -231 228 92 56 216 -127 -248 -42 189 -190 -238 295 113 -38 120 -87 252 22 207 -34 238 -223
-242 -150 190 128 155 -249 298 84 85 151 161 7 -62 273 -149 -256 213 -148 39 7 295 160 -151 161 -102 215 166 -236 50 -117 102 -52 -198 -74 111 -202 -20 -40 31 -153 -242 188 -219 231 -36 -28 132 28 287 -280 158 56 -127 293 13 -125 -217 -95 97 219 250 -120 -68 -235 189 -161
-46 -206 72 35 -49 -230 87 -134 -105 -285 276 229 -263 -29 171 -48 287 226 35 171 -27 -148 -100 -26 -130 -112 260 4 -232 -273 272 243 180 236 255 277 -58 296 55 280 63 97 -200 -217 33 -20 -39 19 -88 -18 220 144 280 -144 23 239 -101 -223 -191 289 145 16 194 299 -153 114
123 -219 -101 -175 -244 24 141 39 -153 -213 280 -71 170 -118 -251 -267 181 37 261 115 298 -186 154 162 74 -138 -282 -2 -34 -91 188 -67 227 -223 89 141 -134 -53 -185 25 -54 -101 -199 -157 85 7 -115 262 -296 4 231 -76 177 267 260 -264 167 -141 97 -44 -124 54 35 134 -253 36
254 -133 29 -260 -204 -77 -227 -170 207 132 276 127 101 41 246 156 -72 139 -158 -63 -122 261 -149 20 9 -69 -73 247 -267 232 -174 11 -151 211 78 214 51 -205 155 -25 -157 -260 72 -288 -101 213 -272 73 -294 225 296 109 59 150 245 -41 94 -183 284 -93 -273 -218 47 9 -245 -116
140 -59 -52 -284 36 -77 171 171 59 -275 -34 -115 -8 -88 242 55 -60 62 -89 -126 235 -247 -73 -153 -106 -287 -70 -116 295 260 54 -128 -14 235 -50 -148 -116 74 -154 155 107 -181 -225 -67 118 -109 -197 114 150 69 203 -36 85 267 -73 -287 12 -173 -233 276 272 165 -257 -193 -195 31
300 184 -121 284 293 -36 -152 39 145 192 -26 241 136 10 -44 2 -244 -293 175 -15 -207 -135 -174 174 223 -11 180 0 220 -123 160 -49 -4 256 53 -178 -200 -243 -46 -19 96 -86 216 -233 -232 -98 110 172 -49 -36 -294 -272 70 -46 148 -27 20 -231 27 156 -272 179 231 -292 112 245
-212 -173 13 -73 30 -69 35 -14 212 -297 291 240 82 -176 -161 -160 -263 -63 -132 -19 -243 -145 -6 -52 84 124 -97 144 -127 -8 -170 -276 31 -38 -135 -126 -146 38 2 179 -104 277 121 -198 191 252 -70 56 -249 193 30 0 131 292 163 48 -27 121 201 209 97 142 -201 -84 153 190
-234 164 -81 31 84 -289 -26 281 -115 -126 215 232 -81 -225 -280 -105 60 -171 152 -167 105 130 241 -260 -106 118 -139 -101 171 -148 -149 -56 2 56 29 -210 0 130 138 130 215 145 -299 151 95 92 26 142 152 -6 117 -114 -149 -23 289 -32 147 200 -190 -239 -293 -59 23 -134 -258 -34
-240 261 290 -93 -54 224 -92 -10 -147 -239 -286 193 -9 286 -219 -255 259 -183 -177 -1 198 -283 215 -274 41 -199 -35 125 -203 155 95 177 193 -66 27 -281 199 -141 132 -125 289 270 -129 -49 214 -16 -158 -256 188 -31 -138 246 -280 -128 79 -158 182 58 124 -110 -97 35 112 282 253 23
-237 -194 -101 -204 -146 -1 237 -20 -289 -256 -183 -96 207 -22 138 -269 -239 209 -236 274 -92 174 -55 -166 251 209 -140 265 -287 -23 -25 -256 -24 230 -248 276 170 55 107 -171 213 222 -35 277 -69 -293 -55 -238 211 59 152 -241 -135 195 -239 -51 248 -154 238 85 -100 107 -214 159 -77 -39
-103 -14 275 31 118 -231 297 18 -293 -207 -182 -151 190 -281 -72 184 -235 -143 36 -30 -77 -52 224 -7 -296 -74 239 -111 -9 -53 -151 -86 43 135 137 287 29 -193 95 242 224 203 161 -157 -201 -72 189 258 -119 42 -202 -65 251 -226 -80 295 245 204 8 116 65 19 -151 295 183 200
92 -99 98 -76 147 268 -245 -135 -224 -95 -110 70 -91 -231 -288 -178 -99 -261 -241 78 167 177 18 48 -40 -213 61 213 32 75 -197 67 -267 -197 189 12 -70 -66 -64 -197 3 269 -170 196 283 245 247 -263 -54 -86 -295 55 -87 -134 -98 -58 -297 198 200 219 -110 156 -241 234 203 -156
-80 -215 -22 49 -9 219 -261 -258 211 -22 219 -152 270 -96 -88 203 -189 125 101 229 279 295 -161 -45 7 74 231 -38 -61 -185 -259 2 -96 181 -43 242 -53 -130 136 190 -38 189 -143 -54 -186 -181 74 -207 253 -143 -251 -43 99 54 67 96 148 -225 -107 -272 -1 -76 206 7 53 -154
191 81 190 -86 -152 -169 286 137 -234 150 256 -31 -28 -93 -15 128 -174 63 -64 -243 -83 -244 -238 -133 -193 -123 44 276 -244 168 -298 -259 94 -214 211 4 120 149 -49 37 -162 194 -231 111 -129 21 142 -260 -242 10 -84 -239 53 -262 -299 18 -198 30 64 65 -27 70 74 116 279 252
164 99 -82 -223 177 -281 125 -195 143 -7 182 77 -73 222 281 -64 -180 218 -131 278 123 -294 103 42 248 -254 120 -34 162 235 -194 -17 -250 58 -96 24 -87 -282 223 236 -134 -196 42 -138 23 -131 -12 -246 3 106 47 230 67 -138 59 -205 153 209 143 -103 -219 -121 118 151 22 137
287 225 184 -215 150 -222 -113 -211 -257 208 156 161 -298 -113 -192 276 -54 -250 -115 206 -53 285 87 -255 215 68 95 144 294 -123 -250 107 -69 -195 -223 -141 81 -118 -296 -4 144 291 -188 162 -275 48 -97 141 229 87 106 31 -233 -112 72 -100 260 111 -2 -18 -172 -132 45 222 242 -124
-127 -148 -181 300 -204 39 295 -186 -18 -133 194 190 111 203 147 -68 52 -129 -196 97 53 186 39 280 -273 -192 268 160 -11 170 -15 -62 181 237 69 -255 92 -138 246 -247 -153 -227 227 -206 -187 178 248 -69 -200 -3 96 -107 17 171 242 -293 -160 -3 -67 -64 -260 -194 -205 52 -290 -100
57 -179 90 -166 223 154 235 258 -200 45 181 -284 268 293 211 -37 299 20 47 45 -258 -65 -250 -24 151 -133 -33 97 51 52 -63 -141 124 12 261 -44 138 102 -202 -267 -222 -168 -105 -114 230 -192 -174 -99 -287 23 106 -286 -110 -266 144 -192 150 56 -105 -146 -216 -144 -289 -67 46 -230
-185 -291 48 -190 -109 160 -159 161 74 261 -109 144 19 -231 234 -227 168 183 -269 45 63 -109 163 -134 -95 -119 250 -139 181 258 154 -159 -92 -70 18 -172 283 133 269 28 -87 -246 211 -118 -3 -209 290 -115 -275 166 48 -277 -64 -273 41 196 -243 -110 179 244 -224 -104 -166 196 -284 -251
59 -41 175 -97 164 27 -8 179 -25 276 99 154 1 -86 -217 -94 184 46 47 -70 -42 25 -37 -298 -294 -53 -215 95 141 -15 64 232 31 -262 101 -297 147 -133 -133 95 196 -237 21 199 -139 -119 29 -264 -104 -136 -267 -4 -57 53 156 -210 -181 -241 -154 224 129 -284 263 287 291 -280
14 160 114 -179 79 75 120 104 217 277 -53 111 -58 -294 277 20 23 -216 116 -42 205 204 46 81 -284 -274 22 148 -234 50 19 212 -222 34 -9 -113 184 125 51 -125 -119 260 -192 291 -265 198 -20 -194 44 155 -226 -78 -142 -186 253 -9 128 -266 211 208 135 83 41 -36 -98 -199
298 -3 247 -81 -225 -60 146 -96 142 45 167 -74 -209 236 194 -276 -105 -90 -19 72 293 -26 169 -88 -166 -191 -45 95 50 162 138 -57 -237 89 0 8 -77 54 55 1 157 -287 -284 161 -183 -257 62 -234 68 259 267 165 5 -25 -10 28 -212 214 119 123 -96 260 -140 -262 -184 -157
219 -183 -38 -127 -285 -135 270 -238 -300 -157 145 -253 -294 104 -125 290 264 162 283 293 184 233 -157 175 -58 -261 85 279 -247 -116 228 -158 -119 -123 119 177 100 -265 88 291 159 210 6 132 50 10 253 -38 -71 27 -63 160 -192 -152 -156 -80 -111 -204 248 -257 254 161 220 155 -46 -211
-185 -252 -9 227 -30 -110 -47 130 -231 241 -22 281 -234 207 -67 -244 58 -96 -204 135 -147 -95 -15 22 -257 -90 -298 -293 -27 207 118 42 -17 250 -6 -7 -77 -164 106 -46 -122 134 -173 -38 274 159 121 97 -147 -60 128 80 -108 -33 168 -235 -170 -174 8 -199 -42 -221 -50 -38 -105 -80
-148 103 293 -257 86 -57 181 66 284 -228 85 269 287 -94 -182 -119 -246 45 -174 -214 52 -59 -150 -35 168 -232 -79 -199 289 210 84 13 167 206 160 -38 -35 -96 -263 89 -211 147 23 85 -74 3 233 81 -1 74 197 130 134 250 -119 -129 -118 -30 -282 -222 -293 221 -69 -42 95 100
261 238 22 208 -8 112 171 -150 -133 294 -42 293 182 -133 -298 -6 151 -226 -150 154 284 94 -138 -155 -54 174 -154 92 -119 -99 181 -272 -20 -25 -225 187 122 -123 -171 -242 84 203 278 -206 -182 110 136 262 76 160 -131 276 94 -235 39 209 155 15 230 -241 22 66 -47 -291 -1 -10
-233 -112 191 105 -179 53 -85 207 267 -98 142 157 213 33 -249 82 -23 235 261 255 -2 -117 -130 -178 -99 -23 -189 55 -111 -92 89 56 81 262 157 262 -47 -262 19 -226 177 -209 -299 85 -18 171 181 36 24 109 50 -257 69 -226 -183 -162 -43 -190 -166 135 116 -225 -35 -46 -75 184
238 54 -254 -90 -59 -170 -57 -253 195 -174 260 69 89 -56 -129 -98 97 182 -254 -200 1 268 -174 -38 -173 -285 -296 -200 -187 -297 -295 69 99 -95 -237 159 138 124 -157 -6 -181 -43 -254 207 -68 -80 -84 -107 143 30 -147 -295 47 -9 150 -257 244 267 -103 -134 143 171 78 -278 -174 -292
138 266 43 -217 46 -155 -75 289 -272 -7 242 10 -159 16 -109 -246 -217 -68 176 -191 128 -275 -213 236 -106 -164 163 -20 298 -81 -24 225 137 213 292 -179 -29 25 276 -228 -23 261 -98 24 -159 90 -74 31 4 -257 -8 -290 -240 -19 -93 -251 2 -69 -140 253 176 -283 -298 39 -148 265
-101 244 135 44 10 71 -293 265 -68 -70 299 -111 -215 -113 48 -95 -122 -70 -85 232 -181 209 187 281 -20 -220 -64 203 -113 84 -220 171 105 105 57 -118 -270 169 60 195 45 149 -274 97 263 -226 -299 212 -57 268 231 -3 -50 39 196 87 21 -27 -232 235 263 -34 -81 -260 -50 -117
256 -241 54 -42 -150 73 185 -180 -11 187 207 -180 -10 166 -189 -176 12 271 182 -220 45 -204 179 -209 289 57 -280 156 206 -300 -115 105 191 -86 232 -45 -166 281 130 -176 -264 -168 -222 259 -43 -72 168 238 -288 214 183 157 239 -245 273 180 256 -273 175 24 291 162 122 251 34 -188
6 -58 -81 -125 270 285 -256 158 13 247 -284 142 -200 53 -222 270 32 94 11 15 -195 -232 -36 -241 251 224 258 106 -203 155 197 -61 -48 1 -159 -231 178 -283 -243 -43 -95 130 38 -49 126 48 -100 210 137 167 -92 262 175 -220 142 -237 37 -83 -47 139 241 88 145 37 -150 215
240 -65 -65 -172 -106 110 -113 241 83 -237 -121 -73 -298 156 181 142 -254 -244 237 104 284 -222 -130 -204 -127 160 -5 7 102 207 -193 53 5 -74 251 167 234 198 -76 -5 -78 -184 267 29 -214 117 -270 -140 -199 102 -234 274 210 109 66 59 53 -131 -15 141 -282 64 111 -18 285 -34
-117 -168 189 121 -141 84 -236 -51 270 65 255 -61 0 -97 121 287 -296 -115 -50 -218 9 -54 -9 152 112 -105 -79 -55 156 146 -211 -107 22 -299 106 -3 95 75 81 13 -54 116 -116 -20 -293 103 21 -225 163 -33 151 119 -235 258 -175 1 292 248 162 -223 296 -224 109 179 47 160
35 -125 -144 185 233 283 -207 25 105 -258 153 229 285 203 255 103 -189 -15 -59 -137 -81 -250 -174 37 180 43 -21 -278 -90 300 -11 -81 -157 4 -188 167 272 280 -87 -282 246 -107 155 -163 -247 -78 -53 167 129 -41 186 77 208 -126 -212 -112 -218 -188 248 -261 -151 79 68 -286 -145 -8
191 -54 115 -100 294 -66 177 -283 19 277 223 103 -203 61 -2 -257 235 -287 188 75 24 -103 5 163 -224 145 -205 258 264 116 145 -142 -117 38 216 -39 149 1 -68 -164 189 24 -181 48 -271 13 273 122 300 86 48 207 -237 137 -196 67 88 -115 -113 281 -16 1 -124 220 -273 228
-81 186 -130 -211 -195 -4 286 -21 -168 279 -65 200 52 126 -295 11 -161 -271 147 68 131 114 175 192 37 202 -3 -92 165 -254 246 -136 -111 -75 255 63 -237 17 -92 -244 64 -141 12 24 5 -32 -250 -33 131 63 113 -57 -132 37 192 -248 156 37 -49 -90 143 170 -203 212 243 124
-114 -277 -171 260 -177 -50 265 291 294 -133 -293 -29 -193 -12 -186 -111 -132 252 225 37 191 136 23 90 -83 -136 9 127 -94 -100 -109 -166 77 27 -205 -283 1 81 -85 -87 153 -19 264 268 226 -243 172 298 94 154 -156 -121 127 232 49 -288 -32 0 -69 97 -129 -125 -289 146 111 260
203 -51 -20 -189 178 -221 59 -18 -298 -297 6 172 284 -230 40 97 31 -5 125 -289 39 -77 170 54 -91 -202 204 92 285 292 150 -276 -232 100 284 -226 279 -219 266 -1 32 189 157 196 -216 191 8 -129 101 197 119 -75 -90 -230 80 269 -88 -38 -295 -65 100 192 214 53 101 289
-148 222 4 83 -5 287 86 -138 -62 -200 -95 -157 -229 -276 -164 92 58 -112 -282 -249 -104 31 -131 139 -299 134 232 35 -249 -102 20 -146 278 -189 88 88 128 -147 109 0 189 -155 -296 102 44 104 -137 -197 -248 -7 -107 -94 131 -299 56 -184 221 -208 284 298 129 -289 24 220 127 -166
81 -28 -85 -139 223 128 -249 32 -53 -300 -133 264 -154 229 -74 -138 50 220 132 181 -192 125 -78 76 -143 37 248 -132 -192 -164 -3 275 48 -291 -243 210 240 53 -264 -91 -224 286 131 168 169 -1 -126 -62 -34 -277 -282 276 -176 -164 213 -88 -190 -297 97 -179 -186 -240 -175 234 -117 -203
243 -33 -191 276 300 -300 200 -179 101 23 -128 101 -19 -52 125 -93 273 125 192 279 -216 -288 42 76 -120 241 238 -160 258 -63 5 -221 -30 -12 177 71 295 -224 298 127 -261 -105 -104 -135 163 -102 -215 68 -117 -112 251 -166 -221 -63 -86 152 266 -202 -270 72 -107 33 -97 133 -55 81
184 -252 -122 -146 42 -46 231 -127 95 -248 169 72 -162 -120 -22 -60 93 -69 183 118 -261 99 -281 227 58 -294 -299 36 -241 -203 -59 -204 -199 60 -278 -295 253 -224 -281 -87 -291 125 17 -273 -179 143 -36 87 73 276 -55 160 -106 293 -126 105 -125 280 -211 241 132 21 -228 154 134 49
-193 -61 -235 -201 295 39 -8 235 -242 143 275 -169 26 -95 -268 -106 -118 -85 279 119 150 104 -73 -42 122 -128 -62 -106 -44 296 -202 -84 -244 8 228 54 158 -36 -21 -90 -184 -137 -112 43 273 -245 -88 -33 -280 186 233 108 2 -181 295 6 -285 138 47 -181 -219 -176 -185 293 152 -50
-246 -6 -8 -18 -208 236 239 51 -13 -279 -180 230 -159 192 38 249 -138 -10 -50 -133 -16 234 145 -77 -226 -150 -115 -199 71 146 236 169 -251 -79 -74 196 -295 -191 -142 228 204 -53 -41 130 236 -59 287 234 -44 -196 -81 -245 210 -198 232 -146 -191 168 -49 -69 -33 -122 -65 224 -113 63
97 72 135 -283 189 87 -179 195 65 86 -182 285 118 12 58 -269 151 62 -272 -10 76 -287 182 -252 -238 -227 54 -21 19 -7 157 -167 -209 79 76 -62 246 286 -280 208 280 -267 -88 -169 232 -139 -136 193 116 -22 -291 105 42 -288 -293 -6 -197 -235 -213 53 -282 -150 126 59 218 146
259 -4 260 138 18 -118 50 115 61 234 -165 -76 -291 -12 -140 -261 180 -164 70 -136 52 -60 148 -260 -219 -37 -180 175 -99 -127 -69 -193 186 -48 -86 -27 190 80 -155 133 266 135 -189 -231 154 223 -128 -174 28 247 225 -73 181 -266 161 -90 138 121 -19 -174 14 -13 -114 154 -220 190
