100 100
-146 194 -32 19 201 264 -189 -52 -6 -107 -18 160 -169 171 48 42 83 -155 203 5 -139 275 -300 82 64 -26 210 215 -224 -211 -77 -292 -190 272 115 -200 -63 -106 -184 105 230 -38 -242 279 -147 167 70 -9 99 -66 71 -59 -53 119 -172 -19 -162 -85 40 213 178 -18 -236 230 -190 -118 -267 270 157 -212 -173 -3 284 148 -156 -40 144 94 294 178 -5 -218 154 -258 73 33 112 -183 -24 -254 -265 -295 169 136 19 50 139 159 -211 285
-116 -227 28 35 22 202 -268 -242 30 235 -87 190 -285 -7 -133 -192 -224 -73 175 -207 -187 -240 -81 180 -203 -219 173 221 81 273 194 -248 211 -257 235 -180 -228 -201 -257 -221 -118 -131 -199 -285 -116 -128 266 243 136 169 243 -277 -114 69 286 80 -85 62 -203 -236 78 50 182 -191 -54 98 -232 -19 -109 -196 -278 212 196 143 -238 -266 -46 275 -55 -292 32 -64 -198 193 -11 -167 -80 -102 -296 219 -167 -292 291 -277 -7 130 -279 -155 18 158
-130 -69 -248 -280 179 -217 -186 -66 -175 -290 92 171 5 -218 36 90 -19 -295 94 98 -10 -220 -263 -25 105 75 -260 90 35 -250 -152 -46 -192 -281 121 -252 286 210 -185 -144 -3 73 -52 34 296 144 -189 55 -300 141 160 -44 92 -39 -38 214 267 62 86 97 155 -131 170 29 220 75 47 173 145 -128 220 232 -32 268 -215 176 -165 67 148 -270 -50 -20 -68 -274 -264 -69 -227 200 -255 172 -249 -297 -32 -169 153 287 -95 34 40 230
-166 28 -251 71 214 -180 -236 -81 -107 -299 -247 -237 49 -81 35 -18 275 57 -166 64 136 151 -132 82 30 232 14 -264 -25 215 124 167 -154 -142 183 -75 -32 -33 -274 -235 222 141 -23 -171 -40 39 -179 -147 -136 -80 256 50 91 -189 38 122 273 123 -44 -111 -130 141 136 -247 176 220 -242 -93 -259 -186 280 269 -296 -14 294 28 -7 82 -252 14 13 106 -27 235 298 147 235 -276 -197 31 170 43 -288 172 -80 -297 -115 186 -133 -114
-286 300 -290 -165 110 244 -135 -32 275 -205 -142 233 -64 221 -170 78 -113 -37 -171 226 132 -229 276 -267 94 -178 19 -67 258 157 194 86 -238 81 -99 155 -88 -214 -14 272 -35 -286 -105 -246 -265 24 -210 1 -154 -53 -246 -194 -16 -54 198 246 36 -65 -154 257 -178 -297 27 -177 282 -189 -65 98 -152 22 138 30 -123 -241 92 -97 119 -59 19 -217 191 200 144 202 37 -271 287 164 226 -209 -277 -258 -109 -151 -239 -238 253 -249 276 -282
-176 -280 -283 291 -179 -215 -79 55 182 81 139 -113 -220 -73 21 157 -275 -137 -122 285 62 -163 -65 206 5 8 -240 199 -138 159 12 -111 -200 197 79 -106 -153 141 182 -152 230 -295 14 164 110 290 140 -58 186 -238 100 203 -226 18 204 -92 -108 -276 196 -175 275 229 132 -18 74 -218 70 218 -129 299 145 227 -3 -228 -189 276 290 -227 257 -177 92 240 -91 -40 67 104 173 -19 128 -175 48 -107 208 149 30 -43 -47 39 -188 -99
-225 -173 127 147 80 -61 278 4 -43 -216 -236 -290 210 -59 147 -287 -250 -162 195 -250 6 -67 280 -37 -295 144 132 259 184 71 -264 1 -176 70 90 -112 45 -270 38 173 -117 125 72 126 -227 36 51 265 279 -270 -84 120 -283 203 133 -60 -237 237 159 102 104 -70 -279 196 -75 153 -105 199 67 87 167 -101 3 -271 45 237 275 249 100 -69 134 246 50 -124 -174 53 -170 -107 148 118 133 -300 238 -29 245 -194 -102 132 -78 -60
137 208 -3 -293 -123 -270 293 288 156 255 -119 -120 66 54 -200 252 -289 -81 241 -206 284 128 37 94 268 -54 222 -67 172 220 -172 164 -191 -133 -77 -99 138 -93 267 113 121 -279 24 62 188 -190 -161 6 236 -232 -179 -262 -95 180 221 -233 -224 42 85 114 -95 -187 -128 -139 -195 71 -172 168 -140 -49 1 -254 -33 -49 226 -262 19 -120 -87 122 285 -111 -44 20 69 -65 -10 -234 52 -277 -67 -154 144 213 -175 -178 -177 -31 59 38
-296 -182 -229 218 -22 -199 75 275 -105 168 -4 -1 -117 212 -118 -101 -147 -257 -239 288 -181 -240 239 48 209 195 -187 244 58 282 242 -213 261 113 -210 -71 60 13 203 1 293 -259 70 222 -234 44 100 -156 111 -285 47 -264 -231 -75 -147 -197 -214 113 147 112 25 -131 95 77 -219 -77 59 -269 214 81 256 195 -259 -230 160 104 -96 -190 27 -281 245 -161 194 16 -267 -279 -137 200 4 148 276 9 -153 -177 43 197 -30 -108 -174 -238
-61 -300 174 -138 25 -105 211 -107 -137 44 288 -90 209 138 106 -139 168 -53 -272 158 29 294 271 181 -215 259 288 261 -227 -291 -11 -82 73 -65 -269 12 -20 207 -128 99 17 -237 -3 -167 49 -104 -230 -141 -142 -246 -223 -151 -71 20 -177 242 -204 13 -155 -289 87 -127 -158 188 94 -297 -194 -235 -158 -156 -122 97 -269 132 22 -134 -208 297 98 23 295 108 129 -107 117 -111 -277 183 295 -27 243 122 184 207 149 183 -27 249 142 -280
252 204 -106 -116 -205 -38 -127 -221 -192 -110 -59 41 -47 157 17 203 234 93 163 177 7 -136 277 -123 -125 -285 -2 -253 14 41 149 -247 -254 135 -109 -240 96 -210 -223 209 157 -100 284 125 66 92 188 73 179 -159 -142 161 50 -111 172 -195 20 -164 156 -81 -253 46 -91 75 -255 110 204 117 66 49 121 -132 -3 -105 -198 -296 174 -102 -173 -111 -105 85 95 249 -129 74 -129 50 60 -130 182 245 -254 -63 -224 20 103 -47 -116 12
204 212 -290 118 -288 -183 121 -11 -194 84 289 -151 1 52 -195 -268 -289 -285 8 129 4 155 -249 -295 67 170 193 145 168 -241 6 -188 164 227 101 -106 260 -292 -150 226 287 269 250 -173 -4 -41 271 -83 -21 215 52 -224 -136 211 -265 -41 94 20 292 188 62 -148 217 -243 146 -40 59 219 -237 45 -115 -154 79 -96 261 -182 -54 146 -295 95 205 -252 152 3 -257 -165 -139 -107 -216 290 -280 -76 197 295 -180 -198 216 -128 -249 -164
-214 -78 281 -167 -100 -154 -27 90 -235 -140 -69 88 262 -72 -139 65 -75 44 229 71 -36 122 -60 -204 16 151 -197 -98 70 153 150 123 201 -106 145 38 -157 216 -77 -44 -106 2 47 -56 -90 284 76 45 262 -40 -190 -61 98 -152 221 -105 259 -237 -272 -225 5 262 -41 210 -87 -71 -62 199 191 284 -96 -295 112 -296 221 -145 -98 -263 98 -174 19 -245 -35 -51 212 246 -155 -93 236 -108 151 -152 -150 294 -90 -158 -20 269 -172 120
177 285 293 144 -227 50 120 104 159 -214 -26 186 29 209 278 -20 -127 -296 114 -16 -202 44 -54 4 -116 -179 267 262 -17 -56 73 -90 181 -298 -263 44 -140 31 39 133 -173 123 -290 -54 166 -110 192 135 63 -300 -183 276 282 248 294 -165 -69 252 -140 96 -271 166 -169 -51 180 50 -154 291 7 -259 -227 -85 137 271 161 220 -7 -241 250 -43 82 246 -143 221 232 -118 -16 -93 292 48 45 -101 200 81 -255 -130 -54 66 -214 -202
-114 -213 8 -74 -128 173 -18 -136 109 85 -130 -7 -288 -252 122 57 -52 -215 -251 -74 63 -244 -20 -44 -231 21 -27 238 -33 137 -161 201 -253 248 155 -281 -271 165 -232 -71 276 89 -8 112 -152 108 -177 -270 -17 -293 129 9 -11 -258 178 57 282 -293 -55 117 -25 224 60 -235 235 -204 -288 -19 9 212 274 -253 222 -162 193 280 -142 113 9 237 -146 -8 250 134 235 56 -274 132 -296 212 222 -254 281 -182 -149 257 -32 78 -171 -244
288 -232 116 210 44 237 -6 -280 -221 123 121 -298 -118 255 115 -196 26 -281 300 -170 43 125 228 297 -291 -228 -185 -100 289 -90 -43 262 171 -58 223 247 149 34 294 -5 -142 -256 -237 -181 159 -139 -218 238 -97 67 287 173 -11 296 208 -129 -281 -114 63 269 35 99 138 -11 246 -13 -32 -40 -208 -113 -146 -274 232 -243 -111 124 147 51 267 170 -257 -243 -199 -251 249 94 187 -58 -158 -60 -237 0 -51 -51 298 -53 132 -63 116 -145
-152 -152 -298 -24 -64 5 11 264 207 -25 -32 -218 -171 -204 166 236 -133 -236 -55 240 190 235 -127 223 -211 209 -167 216 44 -224 -269 -21 287 -200 273 -81 -196 181 -25 -260 -109 -230 -145 -37 -146 241 -281 -280 -220 87 -114 -222 26 -243 -174 -177 -75 -243 -180 -138 -172 217 249 -150 -285 -264 32 -241 0 -291 -66 -276 293 275 292 267 66 130 -170 -17 113 -145 13 -202 -35 -143 -77 38 -222 234 232 118 29 14 152 111 66 75 188 18
-257 -9 188 200 -67 159 26 -126 -199 -20 224 -1 -294 153 173 -2 -250 73 -63 72 -216 49 -267 111 64 -284 -137 -76 -33 55 197 -28 -254 -127 -282 -251 41 -285 171 -37 -273 -118 132 86 36 63 107 -108 -286 236 -261 -274 -96 -299 106 155 68 -104 156 5 -106 -201 46 105 -297 229 -167 184 -144 112 -295 -196 -84 134 163 -204 94 -300 168 148 -132 -279 -152 114 124 -278 288 -290 -213 -253 -156 268 -90 204 126 -96 197 93 264 22
172 -70 300 126 -213 -297 281 -115 181 17 122 -78 -221 237 91 -56 261 249 106 244 -13 -74 -239 193 84 -37 239 -68 -6 76 277 215 182 -139 215 -77 87 -35 -28 -171 238 238 -210 -116 -65 -117 -47 -220 -215 -141 136 132 267 209 -162 31 121 106 155 -1 29 298 213 -47 166 -64 -147 -91 -119 163 -1 -242 -219 -123 -49 -64 282 174 -139 -9 230 -160 -268 136 168 274 -65 -140 5 226 216 9 -178 -242 -142 -211 23 -189 86 -258
298 247 16 172 -270 251 138 243 129 27 263 -74 191 78 -93 79 228 277 107 -31 -229 -156 -7 -279 -138 -189 -119 115 -25 -161 40 62 253 174 -185 -300 214 -105 -297 -289 70 -190 91 -147 93 277 -179 176 -161 -167 48 0 283 214 63 -148 -188 102 122 185 -182 98 137 -93 -204 -225 -104 82 96 -131 184 -208 280 107 -6 142 -136 186 24 14 300 -69 -218 -204 -105 215 -142 -173 -7 -19 192 2 -75 214 -242 69 -7 -214 -244 -280
234 45 158 45 -268 256 -138 167 -92 -255 136 50 158 208 -146 -116 -82 -59 120 -250 68 -93 239 -97 254 272 203 -15 166 280 262 -193 228 83 -229 -192 175 128 96 -206 -41 181 -151 180 281 286 118 -27 -233 250 224 -160 -183 -15 -253 232 -9 291 48 -72 191 130 -83 -284 -56 -167 267 -297 262 112 -105 10 -180 190 105 58 190 205 194 -181 278 -133 -222 -205 177 -289 290 128 224 -242 -158 -203 168 -82 -52 -86 195 -8 -68 -237
224 -132 -43 17 -57 -250 150 -294 -133 276 80 121 203 155 223 224 -9 65 133 -216 -127 128 28 -245 199 -37 -56 191 -8 162 -111 -259 -207 -273 118 -31 257 -195 212 86 -113 -194 -212 -119 -16 87 -30 241 -25 248 79 257 -246 -193 -281 46 -281 34 -83 173 -195 181 190 -257 227 152 96 56 -25 49 -85 -164 -144 265 47 155 -69 -53 -118 -292 77 217 0 -46 -220 -161 -51 15 88 -41 -82 115 97 143 184 -33 119 256 176 192
-138 151 -189 174 80 279 -293 -188 75 -10 -59 -21 -31 -222 -180 -157 -113 98 26 -109 262 60 -46 -22 -180 98 -9 13 -184 -234 -162 134 -178 -215 -73 -88 -134 -8 -249 -120 53 88 184 -199 -34 -262 87 -57 -56 -84 -40 -206 -136 -232 -28 240 26 9 134 -184 102 -7 113 147 268 239 -288 -29 -132 144 29 65 -77 158 -21 59 -227 141 162 66 -193 32 -166 159 97 -184 199 240 14 261 -150 69 -187 101 -178 -93 243 -33 140 14
216 -212 12 38 207 -150 16 -34 155 184 280 235 126 275 2 140 -10 148 -3 246 246 -231 -180 -183 172 88 43 -5 -29 -122 138 -232 127 24 -38 174 -151 40 201 82 59 -235 204 -167 238 96 -230 -23 180 106 -27 228 194 282 155 168 -227 -2 256 179 191 -213 -80 -148 295 128 44 -224 223 161 -90 -246 -273 236 219 136 59 -172 181 -190 102 -1 232 32 172 79 249 -10 -12 -267 131 -190 290 -32 230 280 52 94 -41 192
107 -223 160 203 167 -233 148 -16 281 -216 115 -10 -43 230 -176 -218 214 -29 86 -153 -197 236 159 242 219 99 -110 236 -268 -259 96 -56 -197 80 -275 70 -207 198 227 24 -57 79 280 -3 100 221 290 -234 165 202 -160 -196 103 -26 -299 242 181 9 109 -8 -119 173 -263 256 -106 229 -224 203 160 -102 -127 -42 -55 -228 220 19 -240 51 115 -120 -10 -34 -230 145 -200 -224 109 118 217 -58 -57 -110 283 -287 -83 33 -109 -12 255 227
-182 285 215 -93 -46 -91 296 -124 -29 212 -192 -119 -30 -52 -271 257 98 -113 128 -231 -268 -129 -21 -32 208 169 194 4 -223 95 -112 169 260 50 -92 -182 -96 -66 112 117 -11 -27 240 -94 230 216 -177 90 265 -188 44 198 80 28 -40 294 -135 -170 94 -157 205 212 -234 147 -250 300 294 3 268 122 200 31 150 15 -252 163 40 -200 -62 -136 269 -124 -211 164 245 -29 -26 105 59 257 -222 31 -269 75 179 63 25 -77 238 59
104 -136 289 -62 114 -208 81 158 266 -231 256 -254 -220 200 217 -236 -71 -105 -299 128 229 19 -167 -122 181 -38 211 -60 -213 104 -246 -86 211 -21 -111 -10 -50 -62 257 -1 144 11 229 -269 126 84 270 38 102 126 -162 -222 205 -178 38 189 -232 -119 -185 -76 201 264 84 -239 167 -54 72 -13 134 14 258 20 268 232 -203 148 -99 36 -289 235 -136 106 48 -73 -109 178 -125 234 34 -254 -40 62 116 128 -126 -252 206 -250 234 275
-287 -217 113 239 -130 266 -298 97 234 83 -154 -228 -235 -32 -9 -254 -71 -149 11 138 -224 133 -26 22 -18 -221 213 -225 112 27 100 -237 -141 217 -47 -236 170 13 -146 160 20 38 130 233 108 -128 266 -158 -265 267 -147 265 181 -4 -16 -296 -254 -169 -103 -27 230 -252 108 33 -167 -64 124 -172 -44 -244 132 256 -233 185 -228 -256 -167 4 292 -161 122 -56 -31 -225 43 -7 72 -149 53 -26 21 102 -37 -165 -79 -137 32 49 33 -105
112 279 -212 152 -198 187 73 -56 102 73 216 -224 84 -39 -277 124 -36 -242 58 -238 -126 31 -63 83 216 62 -18 73 -111 -197 -171 -256 -225 182 -288 107 8 -222 -179 56 169 100 -226 183 -28 -33 281 -114 48 -101 39 269 -249 31 8 142 -278 251 -252 -87 -206 -20 86 141 -38 10 265 298 -92 -108 16 199 -83 289 -167 -10 170 229 -234 7 199 276 79 -45 -82 118 297 275 -227 197 143 4 204 203 -213 245 152 57 -82 -205
71 -149 265 -188 55 -162 -64 -225 -27 -185 -248 -257 -152 242 102 -31 -178 -27 51 134 -5 72 244 -105 -129 -281 -225 -35 -239 80 45 -158 274 -249 191 -209 284 -153 -288 238 -114 -15 236 280 -211 -137 -178 62 212 -213 -229 -201 80 -98 55 -176 69 -265 27 -47 -228 224 -289 -131 110 54 209 75 -49 -174 -240 186 140 164 21 -94 -178 -77 165 186 -2 -124 167 8 129 125 117 -189 251 294 -22 215 -143 216 240 189 180 293 -255 -184
2 194 174 -279 151 -34 -275 249 53 206 271 57 191 275 83 140 126 -7 -166 -43 185 200 -44 -204 -46 -265 100 -294 72 -25 175 -199 97 -184 273 115 282 -190 277 46 226 -217 105 -149 -64 185 299 -117 -40 72 236 -225 -95 110 126 196 170 240 -194 -212 -274 -299 -276 43 -232 76 -222 134 -146 -148 -8 -260 30 255 -6 -44 51 -21 298 -57 -196 -198 63 -65 163 -137 108 67 233 -266 -105 -199 -46 -172 69 -139 -128 -296 -154 65
265 -133 -131 -242 37 82 0 215 87 -106 31 -159 -240 33 76 -73 168 -201 -83 201 147 290 -22 53 -115 -124 46 62 256 148 231 -276 74 -226 131 -280 223 4 -288 129 -210 -245 143 23 18 -298 149 -55 -66 242 -206 -113 -80 -57 268 -253 295 120 240 205 -196 -287 -89 264 -142 -5 149 -224 -203 -165 169 175 79 -231 154 234 222 139 -221 269 -115 -88 106 138 44 189 -257 -213 251 256 -1 257 -167 -56 -241 124 275 76 -206 -105
-146 241 224 -298 202 45 -44 90 -236 -14 -1 172 286 172 -120 -38 -114 291 -147 138 200 49 151 -124 -273 -176 -217 4 139 -281 173 15 -165 -266 -102 -85 -219 -93 50 -203 52 -188 162 300 252 85 207 89 -116 -250 120 122 -241 -196 144 -26 -220 48 -229 195 287 198 44 -120 -272 -6 -38 179 -188 45 209 -212 268 26 -230 -254 218 76 -28 267 -107 181 -159 256 -139 -286 -248 290 82 197 179 271 51 -257 3 219 -185 -297 206 -118
287 177 144 29 -208 -61 -205 22 114 -137 113 151 292 283 -233 -182 52 -127 -132 109 128 49 -27 189 -18 253 201 -134 250 171 -157 -154 -299 -265 106 -300 277 266 217 181 136 -70 -239 117 255 64 69 116 14 176 296 258 -293 -143 137 84 246 175 113 264 -33 -140 120 -65 -102 -77 -131 -109 19 -163 70 237 38 -146 -2 -259 -41 26 -276 18 -248 275 -278 -266 -228 -102 -201 -77 141 -53 281 -216 -201 -204 212 -113 65 295 -4 46
68 -23 167 -2 -45 -249 -176 -220 50 -78 87 210 -130 115 -29 258 -64 242 -41 -115 -27 -176 -265 -96 23 -164 -157 -81 -252 -199 197 78 52 121 90 -124 29 -93 -70 -227 279 -35 -27 257 -138 -103 -49 -183 60 -31 168 -121 114 296 135 278 207 63 122 -59 272 236 155 87 4 -205 -190 -38 -172 -93 112 208 -32 241 73 -206 150 -244 -205 -137 88 271 -164 64 157 -20 106 208 64 124 295 -134 -126 292 -42 267 12 108 215 141
232 156 14 54 196 232 -106 -42 -232 -55 17 -201 -241 59 -297 134 -226 194 271 71 273 9 -229 -254 85 -141 96 109 -154 251 175 -282 264 24 165 -14 276 -133 280 -297 -247 -76 -35 153 41 -117 -102 77 -143 76 -73 -201 59 -84 291 -72 285 165 101 56 268 299 104 -43 -218 -156 -125 -26 281 -37 177 205 19 -293 -46 -42 175 183 22 -261 42 -275 -248 48 227 -228 -77 193 257 -98 225 -17 -5 -144 -50 198 -22 -49 -116 -59
-1 173 -54 137 -131 -197 -284 37 45 16 -152 -116 -23 -1 240 -266 81 -153 -7 -87 253 -154 -114 -4 173 122 32 -201 -287 181 -50 -199 -91 112 298 151 175 -153 -183 -249 41 -240 217 260 297 261 -175 255 -274 -195 55 211 78 -188 -270 20 76 -125 223 36 190 21 251 -50 -115 234 -109 -246 219 95 -228 132 241 -34 40 -74 13 12 -253 -280 246 132 -223 180 294 -114 112 187 139 2 -209 -209 -166 -254 289 -150 180 -251 -169 181
65 72 -41 -132 -159 -262 149 115 -277 131 -273 196 -203 -88 -206 -172 -156 113 -232 -286 -58 177 101 196 -279 -179 296 -247 -45 150 34 -73 260 -144 259 -49 -13 -104 268 -285 175 -109 -54 -87 -252 -260 -172 -198 -296 -217 110 -261 251 -270 210 -220 54 149 -276 -115 -286 256 -297 -224 -177 -65 -180 -260 231 -164 8 -77 -41 247 -130 281 296 177 -60 121 -208 267 139 185 -258 -289 -263 -287 108 -52 -191 -73 -219 80 85 184 266 16 -210 22
-257 39 204 -137 4 273 82 -52 -76 -203 -138 -265 251 89 242 -283 -5 145 127 53 -208 49 225 -182 -126 -139 -92 251 17 -194 -82 -102 215 81 -82 -279 -247 54 -91 -108 -208 293 -188 192 -223 40 -258 -67 -29 272 -218 79 5 142 -192 71 -189 -180 -177 94 156 159 195 -268 -144 169 123 68 -30 -169 26 51 253 -130 70 -147 37 -132 -220 124 81 14 162 -130 -139 239 140 67 -176 -37 -63 -166 116 -22 -89 155 247 128 198 103
247 -131 251 -251 -152 -239 7 -254 145 167 55 -170 186 -172 35 167 7 185 69 -159 -72 -139 88 266 15 149 -77 -99 -165 -82 -24 -29 89 236 -127 190 -220 -119 21 -113 51 111 -258 -31 -56 214 42 -298 -72 56 165 -176 220 -99 280 298 52 197 280 34 -67 -16 55 18 114 112 -12 -172 -15 40 41 55 -78 -103 -148 262 -259 37 215 289 -55 156 60 46 -168 279 296 218 243 108 46 -39 111 192 -28 252 206 222 -199 -278
7 118 111 156 -164 230 63 -106 298 131 297 -253 139 -181 150 178 -131 -183 136 -68 260 -132 269 -187 255 -55 -295 249 -197 142 195 59 141 6 1 -115 143 230 293 -100 11 -220 -263 -290 60 263 186 -47 165 -221 -267 66 184 -210 -7 -79 -13 211 -295 55 -174 -113 -193 -159 -194 -210 -185 44 -171 -79 -236 93 176 245 249 232 181 176 -24 231 -279 -138 -51 229 -30 -177 -286 -253 277 -230 -4 -96 252 -226 -141 -184 -270 -107 79 -276
-248 165 -196 183 182 81 -178 -69 -91 276 -264 -5 -240 -228 20 -151 86 150 13 249 -169 297 -240 -283 41 -68 -216 -1 65 -16 66 161 -41 52 290 -199 222 63 221 70 -110 -30 231 -266 -210 21 296 118 295 -21 -103 294 -213 136 -168 -190 292 266 274 248 -95 -125 86 -219 -187 -169 198 -289 -75 -125 282 113 -213 18 -233 109 69 -224 -243 17 -145 -58 261 -106 281 -205 -286 211 102 179 -120 -300 211 29 114 -41 -232 37 6 -134
-272 136 -141 257 199 45 232 285 -26 52 300 126 4 40 -111 127 -186 -228 259 73 124 -274 -174 85 276 -146 220 149 52 89 -125 -169 108 -297 27 87 32 64 258 -82 -50 247 98 -155 79 -294 230 299 -191 72 -51 222 267 -166 -9 28 267 -218 85 -274 -288 45 258 213 32 70 101 -217 -229 245 -32 -45 -32 172 -146 86 -149 -214 -83 -88 103 -70 96 249 -131 36 289 -199 -59 100 138 -115 -150 -108 -144 -150 164 -279 38 190
-120 126 226 7 -181 261 -120 300 -127 84 178 216 -105 -231 -125 279 -130 148 -72 -187 103 -93 51 -171 -13 -87 11 -43 199 269 258 119 157 72 -130 30 -22 222 160 136 177 -83 229 187 280 73 -10 -200 38 246 -5 44 -162 22 140 150 -110 -115 -147 -300 87 298 -239 17 -289 -248 -196 105 -73 -27 36 -106 -87 271 62 246 -1 78 258 -30 -289 -40 180 2 131 8 148 -86 30 -246 -42 -265 -124 252 297 163 12 -62 -171 223
24 108 175 -291 26 -22 -221 75 49 104 118 78 163 192 83 -94 23 110 279 151 -194 142 260 93 -112 161 122 148 -22 92 -23 -148 175 113 267 146 -51 -24 167 236 -282 159 128 -195 191 108 42 -37 -236 232 48 11 188 -19 -52 124 18 -53 -291 84 -6 188 209 -106 -147 -193 121 -20 -14 245 224 -65 -103 -1 32 -167 -3 -62 131 -158 291 235 27 268 34 219 61 -50 197 169 -300 174 106 -200 -272 -4 138 202 -157 21
76 -149 97 268 113 -62 -144 -276 -62 -270 271 117 -70 -295 -72 22 3 -157 182 229 -25 149 196 -126 -211 -153 14 235 186 -63 -52 269 -191 -281 -194 177 210 -245 -194 -208 -32 131 285 -221 -295 -187 222 185 -71 -111 101 -213 53 160 22 158 -163 -275 56 -62 2 203 72 110 -97 -237 207 91 153 -278 95 -244 206 -228 -230 210 -1 -238 -292 -263 225 50 -177 -236 207 297 -33 -82 -233 -229 -127 46 225 107 -284 264 12 -85 -182 291
-251 93 108 17 -257 -9 -128 263 241 104 -182 -234 -241 106 82 -247 100 79 204 -137 236 -117 -96 -22 29 -50 200 187 88 -142 36 -189 -85 59 -188 -98 -100 -43 -179 179 189 42 -209 41 274 219 -121 -55 223 -201 50 -157 -51 266 -95 -2 -88 234 80 -46 34 -115 225 -104 209 214 -158 -233 -297 129 -88 -267 233 -156 -72 -268 220 -212 268 249 23 -94 -287 245 159 -300 -225 148 214 103 -28 -192 -16 203 -232 16 133 -155 -141 159
277 -208 -257 233 231 -88 -241 -289 -181 209 193 270 289 -119 178 -81 204 -65 140 194 224 -251 -35 -133 -4 -216 3 -85 30 -46 -32 298 -202 2 286 296 -61 -273 -33 -138 227 -21 115 -197 80 -158 196 -192 216 291 131 -132 200 -276 136 -128 51 230 61 145 145 -177 107 -289 298 15 183 -125 -144 -146 55 -51 94 274 -65 -63 207 -199 -75 -20 151 13 -189 -181 -143 90 17 -229 -119 248 -154 79 97 -286 -52 87 -245 133 156 238
-32 -23 296 -276 -220 149 283 -254 -214 28 -16 72 -149 -148 272 -279 201 -60 -234 -193 -8 -87 -116 70 16 -25 82 -207 -212 299 257 -287 169 -127 -259 194 119 -171 240 105 -118 -283 138 130 273 214 96 33 123 7 99 148 171 238 96 -31 300 -254 -249 69 126 6 111 243 -291 108 171 96 -293 94 155 -9 -178 55 -5 242 -106 78 -134 4 -297 136 -91 116 299 98 -131 -127 -15 104 -31 -190 -140 274 224 62 60 61 -300 252
227 91 -182 -17 -152 39 -264 236 -50 -281 191 -63 -204 80 -31 -118 -256 290 -205 8 24 189 -229 -257 159 -218 -225 -145 140 217 -240 -39 260 43 31 28 159 -19 -13 -254 243 169 13 -146 -191 -291 -149 120 -93 -251 146 15 -169 -240 117 -258 -290 147 2 -218 -50 252 141 148 17 143 -168 46 -85 91 287 51 31 -148 64 -74 -4 102 -52 211 128 185 -35 -130 -55 104 158 -260 81 -172 75 -231 77 -4 14 204 -277 167 -148 -71
34 83 -189 -111 184 4 -294 -120 102 228 76 107 -4 -129 135 243 -22 -245 225 292 48 -181 -163 146 247 -200 259 80 171 -145 195 159 -13 -35 -134 193 -233 153 -137 -150 -1 229 -75 232 -121 -258 -89 165 221 -60 76 -121 250 -278 5 200 148 -248 -107 97 74 286 -33 28 169 166 -113 -231 -290 220 202 -192 -70 -263 -77 66 -79 -99 -16 30 289 -178 -156 96 242 295 -282 111 -43 -129 -137 193 -51 235 -143 18 -173 -63 -33 68
27 -35 44 222 -83 -146 -277 230 -269 211 -188 29 -193 -228 76 -238 236 165 -273 296 -148 -228 -63 -243 -289 -123 -64 -256 -151 234 170 112 -250 -108 -236 -38 137 -213 -242 59 284 -143 52 15 -116 8 -221 -82 52 -154 -215 -153 -70 51 65 206 -84 105 -159 -27 -45 14 -62 -33 28 -41 -49 113 -266 -25 -73 -294 269 -104 212 -169 290 -75 -142 -115 -48 65 -142 -82 -198 270 -55 150 200 295 81 9 -43 -37 70 137 116 166 -62 97
196 -262 -152 176 -256 125 -231 284 9 -262 -142 282 -248 145 -12 267 -3 -66 132 193 269 -297 254 -91 243 -15 -144 -73 89 -165 178 200 -280 -250 -262 -299 128 -8 -135 257 -195 82 -38 -277 29 -229 125 227 12 -273 -139 185 -16 -83 203 264 -18 279 -268 -57 171 -100 -25 242 -255 20 25 103 200 28 -97 237 -166 -157 267 -164 -226 111 157 217 -115 -72 228 -41 -196 -242 42 -49 2 -228 -242 -261 262 -121 -228 -124 133 99 -96 258
-198 182 -274 19 -233 284 287 121 82 -83 -60 225 47 -46 56 -180 133 298 240 219 -82 198 -25 -118 282 264 -207 196 98 120 -139 -33 77 95 222 159 -236 -256 -264 211 -260 -235 24 51 117 -237 172 209 -125 -40 -179 109 174 -43 192 -30 59 -238 -178 -230 -179 -262 153 109 -52 37 187 84 70 53 -292 -171 160 -119 -72 -174 194 -93 -45 4 -31 268 109 93 125 -109 264 263 90 109 -3 119 88 -179 223 163 -255 -36 264 -24
-156 147 -39 -207 28 -23 -65 -136 -289 -258 -70 -228 14 85 269 31 -23 -299 258 -292 -225 -286 -197 210 99 -40 70 299 186 -88 -153 162 95 -14 -184 155 78 128 126 -83 -221 5 133 -192 -285 48 -138 287 -215 -78 -250 139 -208 130 37 -253 -84 139 -247 -160 7 254 -287 -10 -132 -21 263 -191 -263 222 37 27 -174 260 -261 24 -207 -253 253 -128 -16 -298 197 -27 -192 -249 94 227 116 214 168 -109 272 101 43 -167 98 -123 275 -69
-218 52 -264 -29 -13 -33 275 -4 290 -93 139 -36 267 -140 201 -6 -104 212 193 -193 -231 129 153 135 92 30 29 -196 34 15 88 -131 125 -67 120 -277 -126 82 15 -205 270 -1 202 -116 -127 105 164 -71 -50 -97 60 180 103 261 180 78 -92 -185 -164 -6 273 -33 -73 257 -263 80 14 186 -130 -225 -94 203 49 96 196 254 -282 139 149 49 179 37 107 -201 250 15 150 -56 150 198 -89 -74 -38 83 -108 106 182 113 -265 -214
50 -27 -283 -90 34 256 84 -156 154 284 -291 -296 -36 -188 -67 108 -149 127 -122 252 74 271 194 220 -74 -152 -133 42 -84 -86 247 31 24 115 299 236 -153 -244 98 55 -97 -91 -96 -270 -262 -138 268 4 75 156 -126 -83 -163 -253 -88 -124 -226 234 12 75 -94 284 -214 -258 -118 -2 -258 55 -104 294 48 159 -50 -299 -233 -257 16 72 196 -42 87 -208 217 21 -35 92 251 2 -191 278 41 259 -294 119 -227 147 141 136 38 -27
20 -173 109 54 89 171 -169 75 77 -4 -177 -239 12 183 -62 15 169 1 -38 -219 -96 -81 -44 246 -135 -202 -45 -251 -267 144 -135 3 89 53 -104 292 291 -165 173 -278 -249 -64 78 -157 281 -241 -163 -45 -203 -176 -278 69 271 -206 -145 -14 205 -137 60 -277 -9 71 -199 -271 -121 194 -88 -88 58 95 112 -66 162 -111 150 1 -48 -262 -179 -153 -21 -248 3 138 -222 243 79 106 -213 -194 11 30 -155 -1 88 -58 150 48 -57 232
138 122 129 209 -159 -119 -185 -203 58 -253 231 297 -202 -10 201 -213 275 295 -194 284 144 251 -260 -243 -195 -71 34 -58 -148 5 -2 26 -251 221 231 -106 64 255 -10 176 141 -35 84 -24 -247 -7 -98 -7 155 -157 -52 170 278 -8 -140 -180 143 102 -179 -114 -279 79 13 91 48 -154 -9 204 137 -123 4 180 231 -66 -210 -245 -123 -243 -18 -176 -131 144 -150 243 -258 -159 -29 65 204 25 280 -91 -35 -73 -226 96 13 -66 76 130
21 186 101 -286 266 -41 -17 148 -110 295 -183 -233 -138 59 216 -18 -50 -176 -99 126 243 -11 41 -43 -7 -245 -119 239 -194 -152 -113 140 49 -141 -130 200 167 169 106 21 92 132 -103 215 276 221 109 145 -267 -52 3 276 -287 -149 161 -236 133 -124 -279 278 -223 268 -152 -235 -233 -93 140 -251 -287 -105 111 34 -144 -99 -87 -78 185 -228 89 121 21 18 -292 -229 207 -127 -252 -107 291 92 231 274 -95 27 21 166 -259 -113 1 227
249 3 280 28 27 186 -2 67 -259 -288 -85 -246 -235 13 -40 -222 -158 -172 287 -64 101 -22 73 -214 -75 48 173 -218 -215 -231 261 234 -204 76 -108 122 -146 -158 -36 -86 -163 -220 158 -253 196 -140 -241 -121 -200 -284 47 -292 -52 271 -174 -253 -77 78 -297 254 5 55 -118 -235 71 154 30 291 -111 -111 -44 -86 -63 228 -7 -267 235 11 36 -222 -144 -148 -62 -126 -173 22 12 -267 59 275 -173 6 16 130 56 -253 50 -270 33 47
-264 214 -103 269 -233 166 -210 150 113 56 -117 282 -8 -248 -213 -180 173 -109 -196 -271 40 100 -207 -143 51 -125 195 3 -197 257 25 77 117 294 213 -94 -78 -84 -175 -200 -282 200 65 -20 -230 14 10 -258 49 -190 -144 -249 -277 33 255 -286 244 -289 282 -45 -155 -5 -216 -176 -124 -42 86 7 -214 295 187 -293 -138 102 186 2 -180 10 125 111 253 264 -47 -157 147 196 211 296 -159 156 -161 68 165 -204 -169 231 238 -154 42 230
-281 -204 -289 -28 13 -282 -80 -163 246 251 58 141 -216 -294 -200 278 -115 128 239 -105 -109 277 9 -74 -126 -19 156 170 -37 28 47 256 125 -14 -285 175 -156 298 -237 -70 168 -9 -15 110 -278 -286 203 -144 77 -293 -96 268 45 86 142 251 -33 -127 236 -292 199 -132 183 -103 -174 -229 130 -138 -20 255 203 44 -9 -300 -208 -244 -236 29 229 -105 -130 -52 -188 -29 -45 125 -111 -278 -264 169 -43 -291 -251 81 20 -299 287 231 -286 63
-296 39 -288 48 4 125 44 239 266 -42 65 -56 50 -152 89 83 -185 213 283 216 -260 -205 -146 -14 -94 282 62 220 47 78 164 -1 58 -269 172 189 -188 6 -86 -147 -47 -41 198 -178 -226 -271 231 -185 40 -278 46 -54 -120 -194 101 -74 112 -37 -174 -243 137 -44 11 221 243 64 -252 -177 165 166 51 -3 -75 166 -211 -15 27 -120 -288 -213 110 -277 -118 119 -6 -118 227 -245 210 260 -173 160 117 49 -109 -300 -223 87 -286 -201
116 167 -87 109 -181 33 275 -224 -134 -137 9 -58 240 -269 -155 254 157 52 -15 -95 11 -139 35 -184 -266 121 -100 -292 -154 -53 -88 -233 161 -286 181 237 -106 80 256 171 98 -71 -117 82 -9 -266 237 165 269 189 228 -72 242 -218 54 -273 195 150 213 129 67 -66 -69 -209 -35 -20 266 -57 -98 7 -222 -97 170 262 279 274 -258 227 1 264 -141 -174 18 -57 235 220 -207 -132 -156 4 -76 5 -272 105 237 -139 -298 -137 208 -263
144 224 177 -121 250 -91 169 -246 -287 120 -223 168 242 -263 280 -84 106 91 -201 231 -237 161 -237 239 -293 -177 96 -168 -218 73 119 -178 14 -252 -171 -173 8 40 130 61 -274 20 -106 145 -299 111 -253 -91 -201 -161 -38 -235 231 289 -97 20 -89 -86 -70 -22 -116 -29 -204 106 -55 4 28 -45 -181 168 280 -62 286 4 236 -59 -158 -36 56 1 11 284 235 298 -167 130 57 94 -234 -292 202 138 -46 -122 -58 234 -50 68 -32 -59
263 -114 107 99 7 149 175 179 70 -273 74 -212 -18 15 -222 258 257 165 -285 -299 -272 -76 23 225 -99 -72 118 138 116 -289 -4 -220 21 44 -297 -188 7 -242 -233 177 -292 90 -5 56 72 229 138 140 54 -223 177 124 -48 244 253 -56 102 27 124 -76 67 112 171 205 39 -111 289 261 -57 21 -48 170 300 -17 -297 -67 238 202 120 -299 -128 258 -154 -183 211 266 143 150 52 -162 33 49 -186 -145 185 -126 -180 31 -100 251
-245 -255 148 -82 -42 -235 -239 97 -26 -72 206 297 -47 235 -212 209 -78 35 -145 231 -63 109 290 -39 41 214 -290 -144 209 134 -227 -36 80 -268 -94 -291 133 -131 211 -281 -289 231 -282 -283 158 176 173 214 237 -123 26 188 179 200 -59 -23 279 92 82 219 -212 -219 77 130 223 -144 -263 38 -132 -218 163 -93 125 -295 -252 -103 26 33 -264 233 -6 288 206 -226 59 -9 -23 -138 -212 -65 -225 -222 -261 -101 58 150 -203 235 144 -5
-6 -119 226 157 -139 -78 77 200 -59 201 -59 -226 -92 192 269 -161 199 -294 7 117 64 -272 126 -241 -18 182 157 291 102 3 104 -190 69 257 -69 228 -23 258 -162 63 -30 -82 0 -91 -253 -207 -149 -284 119 -68 74 211 236 -204 -119 142 -288 -113 -270 180 -164 -110 -28 295 -45 300 -103 158 -9 -130 91 130 -203 -172 -43 152 90 255 -202 -66 161 190 -224 99 -32 179 -110 -38 -251 136 -64 7 -88 -70 42 154 -5 -248 293 -285
-283 -275 -257 229 -91 79 -85 92 -37 129 113 -162 93 153 65 -26 -168 -146 263 -96 -282 -163 280 -232 75 213 255 -155 -268 -214 152 132 281 277 180 -119 -261 124 165 -244 -221 -184 -27 -291 32 -135 10 -193 -264 -76 212 104 8 -110 -224 188 -153 -45 -50 85 -231 243 -71 -147 7 235 17 81 -291 269 193 117 -63 276 16 -201 180 -58 -204 -19 -300 -283 -189 -223 -33 67 -261 -92 120 190 36 90 -195 264 -98 82 -261 36 -156 -178
-217 -211 221 -173 -286 164 -24 -243 -15 -249 12 18 -252 53 47 -100 134 -253 283 -18 -203 139 -236 -92 277 250 -195 -156 -47 -51 198 -280 99 -20 143 -249 179 -41 -210 238 179 168 52 65 213 265 -77 -45 -81 -278 -126 -251 1 -109 -120 -82 -50 -252 -174 187 243 -193 139 39 157 64 274 272 13 296 -57 217 270 82 -5 294 29 -284 179 174 51 -110 -201 177 -256 212 115 18 -219 -131 -41 49 16 251 147 -209 -137 92 133 138
34 11 -58 -122 173 256 -7 -1 -219 78 111 267 246 -213 93 201 294 6 -228 11 264 -279 26 -227 97 -273 284 -107 -272 12 209 114 31 54 -197 -299 -278 -160 -237 131 -179 174 -134 199 78 -59 112 -203 -141 -101 -131 91 -222 -147 236 -165 -69 -273 -52 140 207 222 38 33 -30 -129 -150 -139 -70 21 266 250 145 -150 166 241 -155 -59 -242 259 -287 248 254 265 223 -256 40 263 -188 -89 254 216 21 -115 -59 62 -25 -82 9 30
280 -175 -111 -135 240 -276 -27 -229 -251 -93 -76 244 -65 210 -277 293 112 25 -68 222 19 93 -79 90 -84 -50 -142 128 246 -81 167 109 -231 -157 112 83 257 -113 251 98 -222 217 -212 -147 -296 -91 -264 101 229 -58 -19 -22 -125 130 -284 -86 20 98 -115 202 189 -60 89 -284 -67 -72 -195 297 74 -181 -59 -52 89 140 185 -121 -5 167 -35 17 -215 263 35 20 259 -160 -44 184 121 -187 -118 -57 101 256 44 230 -96 170 218 111
93 84 12 42 -100 -90 85 -117 -227 -226 131 167 -222 -157 267 221 -258 -87 297 101 225 -211 277 -209 -87 -203 -162 222 -91 -298 -78 290 -168 -291 -88 -247 158 -82 -162 58 -215 238 -19 -163 1 135 -33 28 -235 97 -198 -255 27 -268 297 -100 175 202 40 216 200 293 164 -218 -227 -8 45 6 54 163 258 290 -107 -6 286 -55 -5 -197 -19 -124 -189 249 288 173 153 119 -122 129 -200 -15 -48 -77 -265 -239 -85 -264 -34 -85 -93 18
-278 39 177 -139 -51 209 67 -157 -287 175 248 1 172 74 158 -167 -282 174 13 57 251 22 57 14 -9 66 196 -300 162 127 -54 -185 -70 -158 289 131 174 -209 247 -171 170 -283 -208 -13 110 -209 270 254 -197 85 297 -49 153 84 174 82 63 221 281 227 -67 293 274 -144 -270 -227 -291 11 -135 -159 108 -201 -145 183 -28 53 -167 65 99 267 254 181 11 143 8 239 17 -251 15 -36 85 137 -233 254 -267 -20 -235 -192 -183 -215
-250 77 -231 63 -185 -60 -112 100 37 -264 -73 -146 95 82 234 -57 -246 -106 155 -278 -230 -184 274 -105 -201 215 70 -41 -163 -118 136 282 -248 170 -167 -87 52 -136 -11 -10 79 164 -99 71 216 143 189 95 107 -79 75 261 261 136 -300 297 -153 191 -297 122 -252 278 -247 -187 -126 42 -183 -29 -143 287 136 39 54 275 -35 113 11 -132 251 -10 87 120 205 -86 -80 -163 -238 224 155 -227 98 134 -83 28 -223 -293 -126 194 244 193
74 117 232 117 192 -109 -95 24 -120 264 11 -125 247 -247 -180 209 -111 104 148 -20 247 -116 192 216 -20 158 -11 207 -272 175 -142 265 187 258 267 26 -47 93 199 190 -120 -102 -211 -300 -78 -214 -78 49 88 261 -13 278 55 117 116 -119 -236 115 195 99 254 -110 53 -80 -163 -15 163 19 69 101 63 165 274 -209 88 54 -64 -194 -102 -12 81 162 63 105 -33 -147 -109 154 133 -183 121 162 112 -242 226 -156 -73 129 -75 111
246 294 237 -73 -262 254 -215 -22 -7 253 -260 46 -24 -83 44 90 -184 225 -44 -231 -163 254 146 28 -231 -237 -21 164 112 -3 155 41 -117 33 102 -286 14 5 282 260 -211 -73 69 152 -96 161 137 291 -55 34 100 -105 -100 83 165 -180 -286 -87 -109 -80 289 -51 191 -267 37 218 -155 24 206 259 286 -270 298 225 259 -218 -212 127 -215 166 -117 -25 71 300 268 287 -23 -97 265 -123 -288 225 99 262 131 50 192 67 -168 243
-155 131 -253 229 296 127 -156 -144 -161 -276 225 56 -128 161 -12 -235 -239 90 20 77 -91 214 -26 -201 -231 -293 -230 -3 -24 187 46 130 -237 -154 240 12 213 -274 134 -293 -119 -108 -188 -42 -176 203 -229 236 -173 -60 185 -222 205 153 192 -124 -104 -9 -26 -18 295 -296 -85 -297 56 -62 25 51 -249 137 -169 245 92 -217 -140 -59 -234 30 104 -239 -154 91 -18 -30 180 23 9 -151 -3 9 210 298 194 -141 -95 -53 -246 260 205 25
208 -171 -153 146 -63 183 78 -106 79 -289 -23 270 -252 206 272 -157 149 10 91 -56 -62 236 -15 39 83 -128 215 -247 -48 -299 -61 85 -240 291 254 -93 300 -43 222 126 -109 -88 -156 -4 222 208 130 -247 -45 -238 50 162 198 58 -197 243 -175 -8 283 -170 -263 152 -147 158 -59 -22 -256 250 140 134 183 -188 -220 -157 135 -42 -25 245 99 -35 -203 -94 -80 153 254 92 -227 -1 -222 -7 -179 -260 -157 206 -267 157 -139 -200 -122 97
-26 -239 -299 -160 126 -289 -7 192 296 -193 8 -246 233 -205 206 111 -137 273 -137 242 -82 238 -112 -257 293 287 198 132 -63 32 206 122 31 -298 -276 81 258 157 -52 -172 229 58 -79 -96 -92 -126 166 -202 -152 164 134 20 175 -119 -239 239 5 243 253 -160 -59 183 281 228 -167 255 131 -203 104 -282 -285 179 -123 60 -96 112 153 -238 -247 -95 164 -229 -32 -128 194 -3 255 264 275 -115 50 92 0 133 33 273 154 -171 215 200
219 57 -284 -62 -277 34 143 77 242 37 -181 -246 -96 -56 119 138 130 -50 255 -90 122 -265 146 95 81 -296 -273 -105 -142 -126 -248 -149 -187 -34 233 6 -216 197 236 56 -56 75 -293 195 178 184 246 74 -10 235 -242 -193 50 223 -146 -179 13 -89 -274 148 -179 93 218 -180 -91 -6 136 -99 -289 273 273 -122 -292 93 233 -82 -78 128 252 291 161 59 21 -58 -52 231 -199 60 38 -60 111 185 -195 39 176 -189 246 258 263 189
-55 277 122 284 184 87 224 -198 122 -285 -157 -238 271 -66 -71 -290 -83 13 142 0 -202 -63 -16 11 173 146 -117 -142 248 208 232 -201 87 -232 224 6 -190 -32 123 47 -19 299 -167 43 -165 268 97 -26 148 -12 -241 211 -50 247 -255 -254 227 -246 -161 -205 -229 -72 -94 -39 143 -13 -185 244 19 99 -108 16 -111 229 -82 -255 285 114 150 -208 16 -119 -177 289 -169 82 265 -212 58 -217 120 -274 2 -233 -189 -112 -55 -38 186 -43
46 1 -171 93 -82 5 -109 26 275 205 289 -84 36 40 181 -188 -300 156 -39 -224 296 87 -56 159 -211 -37 214 246 247 94 204 24 -122 -110 282 42 173 -193 -87 105 163 284 199 273 235 291 -113 233 -11 -63 -253 -252 267 -298 -207 258 39 239 297 -47 9 -10 54 149 -98 -118 -123 104 -298 -113 251 219 56 -176 -113 -49 -265 216 -186 -248 -272 -177 -211 -60 -94 78 -84 172 3 270 200 -287 4 -271 65 91 201 -69 -179 -67
-99 237 104 -254 1 -15 215 70 134 -205 250 -259 -228 -147 3 -230 -280 106 65 267 175 -186 11 92 -171 -264 269 297 -298 -83 0 -155 -48 -155 -28 -19 13 -210 290 -14 263 -226 -94 130 -148 -280 -113 3 -298 183 168 -117 13 -89 -223 -199 -122 -110 138 172 295 -101 73 263 77 -177 47 240 -190 -84 288 -16 -136 -265 -262 -158 54 21 149 91 165 -269 233 219 299 26 244 -146 94 -115 31 130 155 -118 -7 225 271 -216 -138 -234
254 132 -232 -286 5 -126 -131 -189 171 222 -214 -19 297 -226 106 212 70 -171 49 6 289 -111 -136 191 265 -48 120 -65 285 269 -228 87 -1 -115 140 -118 101 42 -86 -292 256 -216 197 -75 -280 103 212 -258 -128 -248 -179 157 96 79 207 -107 143 -132 -75 147 -137 -275 -46 -109 -298 35 -198 71 262 160 -210 20 54 -195 -43 60 245 -194 119 -248 -117 100 298 180 41 246 -145 102 -71 223 157 57 210 -251 -157 180 -195 287 294 -112
-9 210 -139 169 -14 51 -117 -145 16 -105 113 58 -91 171 18 -174 168 204 44 205 120 161 -215 -182 168 70 292 54 -98 161 292 176 143 49 273 26 278 286 217 241 -274 126 188 49 -188 19 187 259 142 105 66 20 -91 288 -21 29 107 120 -46 -186 -72 272 227 -22 76 111 -25 -107 39 222 272 -71 -281 -18 -58 -238 139 129 177 6 -264 -230 -31 -17 243 -23 265 -45 -236 31 -279 148 -162 -97 -218 294 -256 -100 86 3
68 -173 96 139 90 -191 -285 -175 147 227 29 -46 4 209 63 40 -153 -124 223 74 5 40 281 194 -250 -121 70 -287 259 -201 -158 248 -29 61 260 -253 -116 -201 58 -84 268 282 -278 58 229 -210 216 -224 -180 8 209 -282 174 -103 17 186 254 -70 166 94 274 -291 -296 233 51 75 119 5 -163 74 -51 103 -298 274 1 98 115 -47 -281 114 -183 -274 50 -222 -101 -96 -55 -118 267 -195 -117 -261 225 229 -199 -259 -113 146 -228 170
-160 -277 -9 -37 242 191 -26 77 -82 235 287 -203 -106 180 -110 52 31 -231 -300 72 215 100 -284 151 55 69 50 223 143 270 -56 -297 -298 228 -233 -30 165 -169 -151 220 212 -261 -223 -151 -203 51 246 171 -194 -235 38 -238 -228 -188 -1 -100 183 288 -220 240 184 -289 -287 -236 -126 -152 173 -150 247 -203 178 240 35 -195 85 -99 -35 3 288 114 170 -70 -267 214 24 -185 54 73 -170 124 202 91 -264 -61 -7 -112 138 247 196 78
-185 130 202 -191 208 90 -237 -267 296 -35 -13 -233 -27 129 -65 274 141 211 53 -114 213 117 38 209 17 -36 13 47 131 -83 266 -217 -57 -184 -217 204 -155 279 186 -150 237 17 -60 -279 282 173 94 67 -36 -146 -67 -61 -40 9 32 220 -222 -272 144 -73 107 108 -157 -237 -219 -148 -174 178 6 -65 30 264 293 137 89 -279 -212 -84 -44 -189 -183 -204 -274 110 287 196 10 -66 -171 -18 110 34 -287 -32 241 -147 -195 -267 264 18
299 231 166 62 232 -243 185 -290 -43 93 -219 285 -173 73 -76 -251 -119 -279 273 -19 162 62 179 -265 145 -39 203 120 146 228 -138 45 281 105 -274 -60 204 -46 -103 -137 -155 20 -173 -110 -25 176 22 194 85 232 61 59 186 -260 -265 -82 -48 238 75 287 -285 -49 -207 97 151 248 -115 198 -37 196 204 157 179 -177 221 -2 -239 276 134 -130 -146 -272 65 114 -182 -2 41 198 240 -235 126 -44 -65 -290 188 -221 -86 100 -162 67
124 -59 -194 -85 -209 -46 -170 -58 -277 231 -82 220 -283 -210 -171 181 -68 105 222 93 -210 206 252 156 16 -64 123 -8 -51 -63 -91 -300 -161 253 -260 282 -86 -210 160 -117 -250 -232 278 -192 -65 -163 52 211 200 -79 21 225 -75 -118 75 -229 48 147 80 -277 210 -197 47 -180 158 19 202 30 239 -174 -64 123 109 100 256 -28 184 191 -124 131 -174 59 180 -158 12 -184 22 287 79 -93 44 18 234 -27 33 -212 -297 150 140 216
55 156 32 -29 -212 204 -108 -205 60 -57 227 -55 -40 -53 -11 -60 173 -105 29 -95 -67 245 22 -93 28 123 0 1 31 -56 56 -21 115 -157 241 39 135 -34 278 -216 -300 126 11 -129 241 -199 -177 253 -58 -184 -106 279 121 236 122 -142 65 -125 -79 -83 48 -279 203 -89 132 24 257 -207 195 -250 -189 179 145 -202 153 34 26 247 159 -8 149 160 126 -271 176 3 -40 -269 -150 139 -300 -209 -206 -95 144 116 -46 294 -202 216
-79 -47 -277 -110 -169 -114 186 -123 253 -99 -122 53 157 -62 -60 10 72 -246 -214 -38 -118 -80 -262 248 206 296 28 -64 263 182 -262 186 208 235 196 -222 83 181 61 -267 89 -138 296 -208 282 -64 6 -242 99 205 228 -137 -234 -245 -270 171 -71 118 217 72 7 55 288 40 33 -11 235 29 135 98 -93 118 -211 -180 44 270 14 82 150 236 270 147 -11 -43 -75 -14 189 -20 195 -207 -136 -7 23 5 244 -285 -297 182 -97 -201
-210 -90 -140 101 -27 -169 83 88 -151 -256 -16 -295 -212 -67 47 258 -265 -66 -283 -165 8 -284 -227 220 -275 223 122 -280 -100 261 288 283 -168 -35 -7 -98 261 283 35 32 -91 -249 274 -223 -1 72 81 -75 83 -67 279 -206 -159 275 -268 -232 -273 50 -11 -198 63 119 164 -125 261 -153 -220 -87 25 37 179 -64 251 129 -152 -161 268 156 46 29 157 7 53 62 288 -96 257 -230 39 191 217 154 217 -92 -119 -29 236 -191 94 185
51 47 196 263 -189 -11 -140 290 -186 138 -57 -203 -195 -219 191 -131 23 -41 258 195 -43 -154 49 -233 247 -45 140 217 -7 -171 5 -34 -267 121 -9 164 201 -247 64 18 -28 -176 -40 -181 -239 -223 -120 4 231 -258 -166 -179 124 158 -60 -258 -53 70 188 -99 -158 198 209 178 204 -230 -296 294 -253 24 143 -15 123 -81 199 247 -152 12 163 -106 243 -131 84 103 269 -260 -89 109 209 -30 241 -99 -122 268 -19 -149 -62 -65 62 -101
99 248 217 213 -273 42 95 -265 275 222 64 -128 -290 -1 -278 160 248 -54 21 -155 81 257 124 175 11 -258 31 171 -220 -220 -240 -218 -196 -64 -60 38 264 216 215 -139 38 -20 181 231 68 -59 105 -177 -63 -194 109 159 -124 -121 -6 -273 -18 126 -19 28 2 -97 -256 178 132 -13 -116 20 -194 -105 64 269 187 -228 53 258 228 52 -67 -33 119 -137 -121 177 94 -276 -172 200 -257 -275 -284 -210 45 225 -135 -153 221 58 -148 -299
207 243 244 -123 10 90 -195 -176 -271 233 121 -212 206 -236 -54 136 -44 11 -34 198 -146 219 110 191 -100 172 -105 -154 -63 126 -197 -256 215 145 135 -179 -16 -191 31 -14 44 -204 280 163 290 -248 -117 -214 -13 249 -187 279 281 154 -192 -155 -10 -178 -54 209 -184 -294 141 -63 103 -280 33 -109 16 4 -192 84 39 -130 145 -186 104 -102 -217 -186 -105 20 -48 74 -223 -202 -209 193 242 -48 -292 30 -117 -39 125 -225 183 -259 87 -210
-116 -209 -115 105 -223 4 132 23 -288 148 -205 187 -128 -163 -47 -168 161 -112 -15 -208 -40 -226 -95 69 54 190 -57 277 297 247 34 -147 60 8 -235 -69 219 295 240 -162 -155 125 293 226 -285 -62 167 142 192 180 146 10 -233 105 -71 110 271 177 167 146 225 104 53 107 -283 -214 163 -63 -122 -182 -36 272 -205 202 -63 -31 -48 -138 -83 -190 -7 164 -230 -288 48 -189 157 -294 -201 237 292 -278 273 -73 261 201 55 -276 -239 -146
-118 -161 -150 269 292 35 76 133 185 -33 77 -10 -50 -45 -284 32 274 67 -249 -238 -163 263 -29 79 -245 -72 172 145 -77 72 -65 296 255 -217 104 -228 256 -201 -253 -148 47 -116 -193 184 -167 208 164 -103 171 -281 -206 231 88 -84 -30 -219 -109 0 -54 -257 52 -35 -149 150 -139 -209 216 163 -147 240 187 -236 -162 251 132 -294 -224 208 104 -191 15 -190 43 -276 186 -201 -57 35 287 -165 -149 -285 -250 168 -176 -21 266 -36 206 146
