34 34
-66 -115 130 194 -166 246 -39 -287 -117 -72 142 -254 -84 184 288 10 -33 -38 -116 67 -243 259 145 -103 222 174 -248 8 165 228 -88 204 146 -185
-123 245 -185 -288 -191 -191 96 239 -108 290 -69 -36 198 190 212 -50 274 92 -30 30 295 215 -54 148 -193 -277 -271 -87 111 -237 -300 -115 231 289
-283 95 -92 -162 -22 -262 -84 -274 -231 117 258 -288 -123 -267 81 -288 134 270 -135 269 -266 -199 179 -2 111 -34 -168 -39 -22 105 -142 254 160 -197
72 255 147 11 -82 16 -7 -63 168 140 -3 -65 -95 -8 -269 210 176 -168 84 94 273 -253 -93 -127 -222 21 -204 240 38 -84 -280 83 181 -14
61 144 195 -182 176 7 158 -174 92 -240 -124 283 -147 63 228 -168 202 11 219 -122 -272 254 -124 41 -180 23 -102 81 -196 -239 -140 -159 -295 -108
34 -245 -55 86 -73 -265 295 59 246 -109 -92 207 229 -142 -299 219 -209 294 -184 -175 228 -253 -171 108 -187 -165 -185 -238 237 143 -114 97 119 191
140 198 95 202 62 -201 -57 -120 -118 9 197 146 -142 -124 -18 -269 80 133 -177 -251 -212 117 220 96 300 -244 137 230 -170 -185 13 138 65 -91
-164 29 -140 219 133 -43 81 166 -124 33 -89 -19 59 161 -191 228 -91 295 -190 237 -153 82 -29 -248 -209 85 289 174 -84 131 49 222 136 134
127 26 -54 -298 -271 199 -133 35 -208 272 185 -292 -152 -38 36 168 185 -217 35 169 134 -261 5 222 -103 -186 87 280 -281 246 182 -254 -198 160
203 -102 -269 163 12 -80 -218 83 22 204 202 -148 -212 -26 -98 -53 277 258 242 -140 292 239 -61 -272 -270 0 -289 -198 -223 -168 -83 -240 -249 153
293 250 -270 225 104 -98 112 -212 -191 -28 -97 -83 -227 -155 -5 -179 -180 122 -140 169 -254 283 272 119 82 169 -116 146 -210 114 -204 -275 294 -282
58 231 100 -53 80 -267 -183 10 -260 191 124 -273 -123 144 -6 -188 292 14 109 80 -264 66 -220 -217 190 143 -193 -112 20 249 26 -76 -272 65
-157 -296 213 -45 156 108 206 -28 -130 -19 33 -45 153 8 -261 -262 125 -130 -271 -168 -257 -181 223 -41 -203 283 132 -95 -279 281 -68 -140 -92 228
164 -81 -141 114 -246 -114 117 160 17 245 52 -198 -45 -81 -11 -2 -224 25 -17 -62 -120 -286 207 58 267 278 -28 -240 10 91 169 231 55 189
255 -142 264 -293 87 -111 -116 -208 -79 -104 -158 -21 52 -169 218 -273 -192 -291 190 -31 -178 161 -169 182 73 -260 268 192 195 6 -91 -298 -34 207
-26 154 -105 -81 262 -168 74 49 15 117 -84 -67 -200 -191 -89 -119 132 -64 127 -277 -183 -30 -148 223 -58 -144 58 -188 299 54 89 -110 292 -227
120 197 -185 204 9 209 263 209 279 -55 -102 35 -213 -66 184 -106 -7 21 211 -140 -179 264 56 137 -183 271 -181 -225 17 51 -273 -12 288 -224
-123 169 -25 260 12 -57 -75 6 104 -92 -122 138 262 -120 96 -147 -179 -25 8 122 81 -266 -235 52 -158 -125 192 212 95 -164 -206 -38 228 -128
36 -60 -273 -244 -171 23 -64 226 -288 -63 82 -3 175 38 -218 271 234 149 121 -57 -88 19 73 294 -45 207 201 -294 -71 106 -50 -22 -195 -47
106 249 163 -86 282 -98 261 149 -11 -93 -224 26 115 253 -105 29 187 162 -137 191 -61 -230 -105 233 271 18 164 9 -81 14 138 -59 199 -17
169 273 -43 0 -189 276 -185 -88 -248 139 170 230 -2 -191 176 -275 202 10 -29 168 -3 -75 20 -145 248 -110 177 58 -158 291 86 -253 -85 -278
26 -76 38 138 -25 -131 -115 -207 -202 -259 -234 -219 -276 210 -163 193 -296 -257 -243 -149 100 155 -290 -22 -289 -232 -226 213 284 -69 -154 259 -195 251
-236 135 -187 -223 -10 282 -212 -156 56 -244 269 19 250 248 127 -277 -74 -9 116 191 -1 275 6 -71 -248 -269 281 -215 123 -57 -9 -28 60 -233
-14 -145 51 86 42 -215 115 103 -81 -243 -74 91 -90 -56 216 234 -174 -79 34 186 -164 -257 228 52 -22 239 -146 27 -206 161 -167 -111 -111 -125
229 -58 -227 -12 -290 -157 231 61 -87 -93 64 -9 48 -148 215 119 -182 -144 -225 -91 -147 -49 -258 30 -44 157 12 -236 48 -99 -175 -273 82 -278
175 -172 -219 21 -205 294 -284 238 -274 48 60 54 99 -72 -270 -249 189 125 -266 -66 114 -249 74 -13 8 -292 3 -112 -194 -242 -232 -177 -78 62
-263 255 -13 -298 67 -168 -27 -144 -155 -1 -137 -15 53 -88 198 -19 -55 33 213 -245 177 180 -163 -70 -292 199 -34 198 295 -223 -36 -78 106 112
-12 119 -274 42 -59 216 -244 270 -216 235 -193 242 -130 -120 -170 -271 246 -81 -138 -235 -271 -6 -272 -189 152 -248 -63 4 -273 94 -123 188 -50 296
-296 -156 24 162 -11 228 -80 176 -237 201 -157 209 68 207 -24 288 -60 171 -122 -205 -93 -254 5 107 162 58 61 207 -156 -284 222 -41 22 -68
-195 216 -146 140 -285 -149 56 204 57 -88 -27 244 -202 -14 260 -196 -24 294 174 160 -60 83 40 -16 -148 179 -3 153 22 -52 45 -257 -10 245
196 -17 -177 -260 221 6 90 -168 147 -205 -59 289 87 -5 166 -246 113 -258 140 34 297 169 -8 -192 -123 -166 -134 71 -33 -4 -46 -49 33 208
-227 -46 256 -240 -245 -251 255 -259 103 60 -99 -148 -30 26 -42 158 189 290 -109 94 -200 -129 56 238 14 4 247 109 -274 9 211 -254 -1 137
67 -88 -76 76 238 -243 110 -254 44 -190 -267 150 6 -11 -291 -75 300 -28 -294 36 -8 -167 75 114 -257 50 243 -265 80 -224 263 -233 -60 121
-51 -235 -173 -38 -77 -253 16 -225 137 -114 253 -50 -18 2 68 288 -11 272 69 12 51 139 -49 -250 27 183 -9 171 -19 -33 83 37 55 -49
