23 23
121 89 -287 -75 -41 128 157 112 -290 -270 -300 148 -249 46 54 251 171 -110 -38 -258 110 -206 -258
286 265 -132 -288 206 70 198 292 -61 207 242 217 -238 -191 -105 50 199 -45 198 10 -294 -145 -134
-131 -2 29 -298 -198 -195 206 -221 -92 -174 -252 17 -135 235 244 -168 -54 -223 211 214 -190 217 -103
213 -226 222 264 135 87 -169 42 -96 -242 -234 28 -85 -101 -81 -59 50 -95 -139 -6 -147 98 -243
271 -149 140 62 -124 47 286 -275 238 99 -207 -298 -147 -50 209 -139 71 20 231 0 50 241 -54
153 268 36 25 246 216 163 -60 272 226 -164 -16 -49 54 -97 -254 286 -53 294 191 -34 124 -214
211 -196 -86 -131 154 -106 145 -16 -88 218 185 43 -236 136 201 -192 19 -28 -180 163 -43 247 -3
-26 45 282 -279 -137 -243 259 79 -11 -300 165 70 -275 -190 272 -150 63 -255 -225 -291 201 91 -135
27 -24 -106 49 -53 -255 -98 148 -257 -31 157 291 201 -259 163 -134 99 -1 -63 -41 -173 -86 -178
174 -17 -188 16 -8 67 -141 -237 -270 215 211 278 17 -190 219 -119 -122 -288 130 217 246 55 173
274 -300 210 -207 -53 -159 106 173 -203 213 -44 142 -158 35 -72 -131 279 -227 -66 -79 96 258 -215
-206 257 297 -18 -284 -260 -65 -294 -37 221 297 -155 -157 -1 -111 5 -198 -21 -58 -265 -232 -227 228
-64 165 -23 49 -60 -24 180 -66 280 247 -112 -123 140 -41 -136 -133 -58 289 94 -213 -270 -255 235
8 25 -24 -252 125 109 -257 276 -57 118 -131 -88 -12 -236 93 -15 -48 -70 25 174 5 -128 218
-172 -191 107 1 -16 -255 283 191 -282 -209 -276 -217 1 -160 -72 210 24 216 -46 -161 -76 -169 -10
-113 -189 114 295 -283 188 105 61 40 18 171 -140 -122 -263 -146 62 -201 50 226 -72 -60 -292 -264
-153 9 -20 214 171 -196 199 -225 -216 107 -280 -18 145 221 105 -141 290 -78 259 -121 -272 89 -23
95 80 -118 -158 16 245 -69 173 -186 -2 4 -247 -281 139 -268 0 139 172 174 81 -253 -21 -120
23 8 14 -154 150 216 -29 81 -238 155 -45 -64 -274 295 -227 -294 91 -291 146 -220 -35 220 85
-257 -87 -174 280 -279 281 -111 48 -200 -68 207 113 125 29 -180 -39 15 -36 236 204 -223 -278 116
259 -193 9 133 251 204 37 86 77 246 -226 285 299 -282 -279 -81 105 -202 145 216 -90 201 100
50 -145 45 275 89 116 -93 -180 183 -262 59 214 264 -245 74 -59 -65 -297 -34 83 -173 108 -145
245 -115 -134 126 -157 -11 -65 -221 -280 -181 162 -200 183 36 -283 -112 -83 -126 74 -120 -124 -138 -212
