[[-297 283 -283 272 -249 -294 -294 291 254 -259 294 -251 289 271 -288 265 -254 262 285 262 285 -252 253 -295 289 294 -275 257 275 -283 248 249 -277 -280 -289 265 -273 -293 264 -275 -250 258 -266 -294 262 -266 292 254 -258 -275 -261 -289 274 284 -280 261 263 -265 -249 284 249 -282 -297 -296 286 -280 280 288 275 -286 278 279 -252 -258 -277 287 248 285 274 259 -284 288 -253 284 -267 289 284 -283 294 -275 254 -254 -295 288 293 -269 -295 248 297 283]
[-287 262 264 -251 -292 262 -266 -267 274 -292 297 -253 266 -284 261 256 270 272 295 257 -284 277 -264 -297 -291 -288 -255 -273 -259 -260 -276 -270 273 -288 -298 -266 269 298 -268 272 249 292 276 -296 291 -297 -249 -288 -270 -288 272 -267 -269 -259 -261 -250 -275 274 278 285 -262 264 284 -297 291 249 -261 -275 258 -264 -295 295 -281 265 -286 -253 261 279 275 -288 277 294 256 253 290 -281 261 -253 -270 -285 289 268 288 -282 -268 294 -257 288 -280 -266]
[296 274 -293 293 276 -262 -263 279 -265 -259 -289 279 -296 -278 -296 285 -276 293 -252 -262 -272 -248 -275 264 -274 276 -264 -293 262 289 286 260 297 252 290 -283 -263 -266 287 269 283 262 282 -270 -287 270 -280 -289 -259 272 -259 -291 -294 -248 -262 281 -284 -250 -250 271 -258 293 263 -296 294 271 276 -272 254 278 -251 296 -264 -267 -272 -290 -296 251 247 -285 -270 268 -296 -281 265 253 -261 291 -258 269 -295 275 -295 271 284 290 -254 -261 290 260]
[-260 289 271 -268 290 -281 251 -293 -263 -272 -265 -247 -255 -272 -257 253 -297 -266 249 -268 265 -285 -271 255 268 -250 249 -287 -259 -284 -273 -250 -260 -285 -296 -251 -291 -290 -264 278 -262 285 261 291 -285 284 -260 274 256 278 -273 284 -290 250 268 -293 292 -255 256 267 281 -285 -293 266 -274 260 -255 -286 -293 287 -266 -290 -288 -258 294 -252 289 293 -251 -294 -276 -290 295 -297 -292 -297 -285 -296 279 -281 271 -272 -271 274 273 -289 264 -266 288 -296]
[281 -270 258 296 -280 286 -261 249 289 287 270 298 286 -259 251 286 259 -251 281 -255 -290 254 -263 -280 -248 -267 -261 -280 -294 289 261 284 296 292 256 -298 -296 -262 -281 -276 -264 248 293 284 282 -273 -284 291 -297 286 -275 250 284 262 -269 252 285 266 -279 288 -266 -278 -292 -273 262 -292 -264 279 -272 251 250 259 270 -248 -296 -286 280 -278 -283 -260 -282 -287 -262 296 267 -281 -258 277 -259 267 263 263 -298 282 289 275 -276 285 296 -291]
[-291 268 -293 -257 272 273 -277 252 286 293 279 -273 -250 -278 -277 -260 249 257 253 -261 270 -286 -284 268 295 -260 -289 -281 -248 279 -287 254 -277 -282 290 -286 285 -272 296 -295 258 -283 -269 -278 -263 -277 259 -286 -261 -256 -281 257 -277 288 274 287 277 282 252 263 -271 -291 287 -273 -275 -268 -284 277 -295 -289 -286 -283 266 285 -258 -282 285 -295 289 -249 -280 254 -265 267 -290 253 -293 -296 264 255 282 -288 -267 254 287 -279 -279 276 -287 253]
[271 -277 -253 260 286 -269 292 286 299 294 -274 273 -302 -256 252 276 268 -275 262 254 299 -272 -289 -278 -289 -255 290 260 275 279 264 272 302 269 289 -290 -258 291 -264 -252 260 -260 -265 -283 -284 -257 285 -296 260 271 259 255 252 284 281 -263 -258 -291 254 -285 259 288 -267 271 -270 -282 280 -263 272 274 269 -274 -259 297 -274 299 -281 -270 289 -288 290 -256 275 268 295 -259 -256 -281 290 -284 292 -293 268 281 -263 265 -266 283 -276 -253]
[-250 -286 297 288 -252 -277 -253 -271 -291 295 264 -251 273 -284 280 -296 289 -290 263 -273 274 280 -258 293 -267 -289 -291 -286 -295 290 254 258 256 -267 -254 -287 285 249 -278 -267 279 269 257 -280 -257 257 259 288 289 296 266 289 277 -268 261 -269 -261 293 -263 295 -266 287 277 295 -275 289 -250 292 267 -282 -294 -284 269 -259 -292 -257 -261 276 -248 -272 -257 -283 270 262 -283 258 293 286 274 279 -291 -251 262 -293 -270 285 273 -261 255 -287]
[-281 286 -272 -261 -297 -298 -272 -290 -256 -270 295 -296 253 -252 261 -284 283 253 -263 -261 281 -290 295 256 270 -293 -258 251 -278 261 298 -295 273 -277 -300 277 258 -269 297 265 253 -262 291 -282 262 -289 -265 -262 282 292 263 -257 -254 -279 298 -265 -288 -270 -298 274 270 260 286 299 -275 280 297 273 -295 269 -276 255 -264 -271 258 -282 264 -273 -275 -270 267 -268 265 292 -265 285 -251 283 -258 -264 292 -282 284 -292 255 258 -269 296 264 263]
[293 253 -251 270 259 258 299 288 264 287 274 -284 -275 267 286 -269 -271 -258 256 251 277 298 -251 271 282 253 -292 -270 -297 288 -292 269 270 265 264 274 253 277 270 -254 263 -284 281 -273 -275 258 263 -298 -295 280 -275 -259 -292 -290 288 -298 -288 -269 -252 269 -261 279 -285 288 -266 296 -282 -263 264 -252 -288 290 -270 272 271 294 295 256 -274 -256 -295 -293 252 284 -269 275 -270 257 260 251 292 293 299 255 -293 -253 -289 -291 261 -297]
[-278 -290 285 294 -275 267 298 277 -299 264 251 -263 -277 -250 -251 -281 271 290 -269 272 255 292 -267 -279 268 299 296 -262 -288 -290 265 -257 265 -294 -251 295 -282 -261 -282 295 -252 256 -259 -261 -289 -273 272 264 -264 -299 296 282 -263 -258 258 -275 -284 263 278 -279 -267 -298 -255 -290 -292 271 267 278 -266 -287 -286 289 250 276 -253 -291 -276 -255 250 -294 -292 285 -252 263 -297 -276 -252 -250 -265 -278 -250 292 291 294 276 274 -250 283 -276 297]
[276 -273 -300 261 255 267 262 297 293 -286 274 -282 -254 293 287 -262 -256 -282 -295 254 265 -285 -258 254 -295 263 284 280 251 -273 -295 267 -265 259 271 294 283 263 -289 -298 -273 281 295 290 -269 250 -280 -297 -270 270 298 296 266 -277 291 274 260 281 -291 -276 285 -282 270 260 -274 -275 254 -270 256 286 -289 -297 -255 269 -266 -285 -253 268 -290 254 289 -295 -265 -263 -282 291 263 -253 255 -251 -260 267 255 -254 280 283 252 -280 255 300]
[-264 275 270 -282 287 300 283 293 -260 -279 -292 -273 -263 261 -299 -258 -300 286 -273 301 262 -257 -272 -291 -282 -266 264 265 273 300 -271 -252 289 273 261 255 -269 -269 276 294 253 291 266 -270 -277 -254 -291 296 -301 -263 258 -258 259 -272 255 -274 258 271 263 -274 253 257 -296 -289 -283 252 -251 -282 279 298 275 -259 270 -273 -298 270 287 286 263 -270 -277 259 277 275 281 259 294 -265 271 -288 -292 -284 276 -275 269 301 264 255 -294 282]
[275 -265 262 -253 -284 -275 275 271 296 281 265 282 256 295 -281 297 -301 260 -302 291 -263 -257 -261 253 -295 270 -258 266 -273 292 254 -276 -259 -279 -289 269 -261 268 -297 -296 -251 301 -284 -263 -275 -263 277 264 286 297 -260 287 254 270 297 301 266 -297 268 -278 258 278 -253 -288 296 -253 -261 302 -278 265 -297 -275 -255 -260 279 279 -260 -268 286 -297 299 -285 260 280 279 258 294 -292 268 -261 275 256 274 -258 282 -254 294 274 253 -258]
[251 284 -255 -280 288 283 -263 274 -298 278 -271 -295 256 289 -288 269 277 -258 -262 -283 -257 -289 -288 -295 268 261 -274 279 282 262 -294 296 -271 258 275 266 -267 -296 -291 254 277 -296 287 -268 -278 258 -295 271 -288 -288 296 -294 -282 -289 -253 268 251 267 266 283 291 -254 256 -296 -262 278 -264 294 -294 -254 298 -248 251 -275 -256 265 -277 268 257 271 252 -257 -277 -277 297 293 -258 -294 -251 278 -265 294 -248 263 -279 269 -271 286 275 -253]
[276 291 271 -256 -268 293 -282 -267 277 -267 279 271 -285 294 -267 292 264 -286 -264 267 293 -265 -263 -297 -270 285 -286 298 -295 256 290 271 261 262 -273 -277 -294 -270 266 -285 266 -265 -282 295 -254 -282 267 264 -285 -290 259 -251 249 -290 264 270 -264 -288 -272 -261 -270 254 283 282 253 255 -256 -293 291 292 -279 297 -286 -271 252 260 296 249 -297 -262 268 259 -275 -257 -287 297 -292 251 271 281 286 -264 -280 281 -280 283 -274 -260 257 296]
[-286 -257 287 -268 285 -279 292 -297 273 285 -293 -263 -255 -250 283 258 274 271 -286 282 -272 -282 263 251 272 -262 -273 -255 -289 -273 290 290 -281 -273 -293 274 -257 -297 271 298 -295 -256 274 -271 269 261 259 297 293 285 -270 292 299 -285 -284 254 297 250 283 278 -261 283 289 258 250 -275 -292 -259 -273 269 -276 277 -263 -256 283 -272 -274 289 -254 -299 -256 299 -251 -256 254 -254 -288 -274 -260 -281 -268 -261 -295 -253 284 -252 -298 -269 -269 255]
[-290 278 -289 275 283 -295 274 251 283 -283 -290 266 -285 -266 -257 281 270 300 -284 298 -262 258 267 -255 -294 -268 291 257 -274 -254 270 -298 -262 -267 291 -273 258 -277 300 295 -253 -298 -251 -271 -250 268 260 267 274 266 283 255 -271 -287 267 -291 281 -255 255 -290 271 -267 279 -300 262 -267 -289 263 299 -280 292 -254 295 -263 -251 269 -282 263 263 280 292 288 263 -280 -291 -293 -262 255 -298 256 289 -262 288 -282 260 272 256 282 -285 -291]
[299 252 252 -274 -265 -265 298 275 256 269 264 267 -254 -258 -291 -284 297 289 277 -289 272 -281 -286 279 297 -282 290 -299 278 -296 292 271 -276 -281 257 -254 268 -255 -252 251 257 271 287 -290 -261 288 280 -250 -281 -258 -291 284 268 -262 275 -277 251 -294 299 273 -260 -251 -254 296 -278 -266 277 259 -279 284 -291 266 268 272 -294 -262 276 -253 254 -265 299 279 291 -271 -292 -284 263 268 287 -282 251 283 296 -250 -274 256 289 268 256 -283]
[254 -258 299 298 268 -257 277 288 250 284 301 253 -254 -258 -291 -292 -273 -286 -280 -256 289 261 -267 -294 -296 -271 -251 296 -281 -250 -256 259 -289 268 -299 -276 254 265 -291 -298 291 -271 -274 -261 285 -274 -252 -256 -284 294 -255 -268 260 -250 -257 -296 255 -270 -288 265 294 -276 -295 -298 285 -274 255 289 -261 -258 286 258 -257 291 270 275 -294 -251 281 -296 295 -297 -290 272 -252 278 -289 276 289 -293 -276 -252 -279 254 256 -284 -282 -273 -257 281]
[265 258 -287 -275 -262 -295 300 -292 -264 293 262 274 254 -281 -299 295 -284 -289 298 -278 252 266 268 -270 -289 288 -262 259 -264 -257 -264 299 -283 -256 -260 267 -300 261 266 282 277 282 293 -297 -300 255 282 -277 254 280 -279 -281 -253 256 -254 255 -269 296 -263 255 -256 261 302 -297 289 252 273 272 282 257 264 -272 264 -269 258 -253 -266 283 265 -282 -280 292 -297 293 -301 -255 -263 297 -297 291 267 287 -270 -267 269 -271 -263 288 264 266]
[266 -289 -248 -268 -260 -267 -296 -275 -257 274 -260 -295 -289 -297 297 -276 294 -254 293 257 280 -286 -293 263 261 -266 -282 281 -282 291 -285 -273 260 276 293 -290 285 284 278 -292 -280 -270 292 283 -289 -269 -261 275 275 -285 282 -294 291 -257 268 266 251 257 295 277 -292 263 257 272 257 297 249 289 297 254 287 267 -279 -254 297 -298 -252 -252 -262 -262 283 -270 -256 -260 249 -288 269 251 292 -273 267 -267 -282 -265 278 -267 -248 274 -260 -292]
[-276 -283 285 -255 280 -255 -279 -295 299 -273 289 262 289 -291 274 284 292 265 -277 -251 -284 -275 256 263 277 295 295 270 -253 291 -251 -265 -293 293 299 -257 290 266 250 -285 251 -288 276 274 254 -271 300 -271 -291 276 254 260 -263 256 -293 268 -285 -251 -264 269 -253 -266 290 260 259 -280 -268 289 267 250 -284 -267 300 251 288 -286 -283 264 287 -279 267 287 -253 -299 277 283 267 283 268 273 -262 -268 -290 -272 259 286 268 -267 -274 -274]
[286 296 -295 252 -282 268 -272 -255 -268 -279 -280 265 264 263 -272 298 248 -279 264 -293 295 274 279 -273 -296 -255 -255 249 297 -295 295 -273 -283 -256 -295 -272 -288 253 297 251 249 -262 296 298 251 256 -274 257 273 292 278 267 272 273 -248 -277 295 291 -256 282 -290 -284 258 282 -280 255 -264 282 277 -256 -296 263 -281 283 297 -262 262 -279 276 -276 -271 248 254 -261 293 -298 -293 -295 -248 -283 -294 279 -264 278 -251 265 288 265 268 259]
[277 -255 -277 280 259 -254 -302 302 -253 -264 -254 272 -255 -251 -273 267 -297 280 261 302 251 -260 -251 271 -274 -265 -278 255 273 -252 -279 -295 -287 300 287 297 -279 -278 -256 -274 -262 287 -255 -274 -286 -281 264 285 272 292 -288 -295 253 -284 -293 301 254 297 -297 280 -260 269 -259 -271 -290 301 274 253 -302 -262 271 266 276 -302 -255 251 302 276 261 292 -278 259 254 277 -298 -269 282 -254 272 257 -300 -293 253 274 -257 297 253 -262 -278 267]
[290 296 252 -274 -266 -252 -273 -280 -276 -296 276 -255 -295 261 292 -275 270 -275 -295 -298 -272 -295 283 -276 281 284 -274 -256 -276 291 -293 -295 263 -265 288 283 -250 -260 253 277 261 -261 267 268 255 -256 264 252 -262 283 -286 -273 262 271 276 -251 -256 280 -274 -268 -280 -274 -294 250 291 274 255 -297 290 261 -298 -290 -253 285 -295 -262 -267 298 277 289 -296 283 -277 -276 265 290 -270 264 -268 -298 -271 281 260 -259 272 269 -289 -250 285 -263]
[270 -287 -298 -282 268 250 266 -287 293 264 269 -282 282 -293 -270 -277 288 290 255 283 -287 -277 -276 -251 -296 -253 291 266 -287 -292 -270 -263 261 256 265 264 253 251 -290 262 294 -297 271 -298 253 -278 264 281 265 -283 -263 280 -254 -269 288 287 -254 284 274 -265 -251 -274 -277 299 258 267 -254 269 -287 -289 -289 273 285 -270 273 -298 -294 264 -285 -290 -261 -276 -256 -298 -277 -256 -299 -268 -296 251 277 265 264 -258 -257 260 -298 -265 272 273]
[274 -274 287 -285 252 -297 256 291 269 -291 -276 -277 -298 -288 252 -290 262 294 281 295 -274 -290 -257 283 -267 263 291 -286 277 284 -292 280 275 -258 257 259 -286 285 -264 -280 -248 250 294 -264 -286 -281 -296 268 255 283 -294 268 289 -268 -285 -251 259 294 -277 -272 -251 -254 276 274 -252 297 -274 -271 291 251 -256 -287 -294 -250 270 -284 -291 -260 -288 264 270 -282 -283 258 249 -249 -298 288 -284 -268 264 -266 260 252 -285 291 294 283 -260 277]
[301 -252 272 271 283 282 265 -253 262 258 259 -278 -273 -283 259 -257 -300 -289 -267 295 -266 -253 -288 259 287 263 291 -291 264 -295 296 267 -251 301 -263 301 254 -257 -273 -261 -296 272 292 -279 257 281 -285 300 282 251 -266 -278 -290 296 -277 261 251 -275 289 -256 287 271 281 280 -301 -271 276 -276 292 -280 272 251 294 265 -257 295 281 -273 -298 -256 -283 261 -256 -268 259 -263 -283 -264 -264 288 289 274 -289 -255 -289 256 -257 -277 295 -257]
[270 -266 271 -292 251 260 264 295 -290 287 278 266 280 281 250 291 -260 252 255 263 268 283 265 277 294 -260 265 -300 -259 274 272 287 -254 -271 -254 282 -255 287 -264 -292 -269 -259 254 300 268 284 269 281 285 288 -288 -262 -281 296 -268 -289 -264 -250 299 -288 272 296 293 285 -281 -294 296 -257 -258 -271 286 263 -275 -294 -287 293 -271 281 -251 -269 278 293 -277 253 -259 275 -269 260 -274 -278 -270 -287 -262 259 -252 277 -279 -272 -291 -286]
[-288 287 -280 285 249 -256 -292 286 -250 283 -270 285 -253 279 261 -297 -273 -267 287 -271 284 -297 274 -285 -285 275 -284 290 270 -261 -283 -257 -263 -289 -255 265 -257 274 -266 -283 282 264 -289 276 -253 -271 253 275 -277 -263 -287 -299 269 -293 -286 -265 274 -292 273 256 253 278 294 275 -254 -268 -291 297 -266 252 269 281 256 282 -256 255 263 -289 -259 -297 -254 286 280 276 -267 298 -290 282 -281 275 296 284 259 -262 256 283 279 263 -294 277]
[-271 -294 -275 -256 277 -293 296 291 -285 295 -274 -274 267 255 -290 -280 280 271 296 282 256 298 -252 -271 297 288 292 254 -285 -267 282 -294 -282 -265 281 285 -255 258 282 -259 -275 269 275 -290 261 -271 -276 273 -269 286 271 277 249 259 273 253 -280 275 -250 -289 -274 -281 -275 -255 -251 278 252 257 274 -274 297 -295 281 -281 -276 288 292 -285 -273 -268 -260 -258 -279 -275 -266 277 280 -252 259 278 -298 275 251 267 254 -263 -256 -295 259 -297]
[-294 288 266 -277 253 293 -296 294 -293 -253 -263 -285 292 261 289 258 269 -273 -292 -284 -280 270 -274 -263 270 -280 -281 270 -251 -279 -272 287 294 292 259 -293 277 -254 -282 -277 282 280 255 270 271 293 259 292 -251 -256 258 -251 300 -290 284 -268 -250 -264 290 -255 282 271 262 -283 250 280 270 -266 -288 296 298 259 268 273 274 300 -269 279 287 255 -253 -260 -280 256 285 275 277 287 298 280 -294 258 298 -278 267 -279 251 268 -278 -256]
[-299 257 -257 -294 -290 265 284 -252 -256 -256 254 279 289 -290 264 -268 -272 -284 -259 270 277 -281 263 -299 294 277 -272 276 252 258 -288 -287 -284 295 280 -273 -283 261 -270 299 297 -276 261 -259 294 -286 279 -297 -253 290 -290 283 293 253 -270 292 284 294 -297 -293 -276 281 -268 295 -260 278 -289 261 -262 -257 -266 277 -286 -270 263 267 -251 -299 -250 -278 -251 271 -258 275 289 274 286 279 293 270 277 -262 -266 288 -259 261 -252 252 -262 -282]
[-267 -277 264 -262 260 -261 271 -279 266 261 -287 -276 277 295 284 296 253 273 252 268 -273 -291 -287 291 289 254 295 279 -254 271 271 272 289 253 -275 -297 -251 294 267 -292 -301 -294 273 -269 274 259 -277 291 267 271 -254 -255 -292 278 -299 -286 -293 284 256 -300 265 -276 268 288 255 -275 -301 -299 267 -256 276 -256 -267 -265 -280 -259 -259 -252 -288 -285 261 -289 -270 -293 -259 278 -254 258 -279 270 257 257 292 -289 291 266 -280 -273 -272 296]
[-257 298 274 -288 -293 288 276 -268 -299 267 -274 -276 295 -269 261 -284 -285 -264 -292 271 295 274 297 -265 267 276 265 -277 -266 286 302 -267 -291 -263 -261 -278 262 -255 -256 282 268 298 -258 275 -272 276 277 -286 -270 280 271 257 -262 -298 -273 -255 -257 -294 254 287 -269 264 -285 -301 -257 -285 301 253 258 -261 268 286 -253 -276 -272 258 -275 253 -260 253 -268 267 263 273 -287 264 289 -253 272 290 273 -288 -295 -283 286 -283 295 252 279 295]
[286 256 -262 269 -267 262 -279 -259 -294 253 -299 -261 -293 283 259 266 260 256 -297 273 -280 -271 -265 261 284 302 -251 288 -272 274 264 286 289 -266 298 -265 300 264 -278 -282 282 -271 -259 -271 286 -290 260 -294 -301 -294 264 -257 -291 -284 -284 291 270 -253 -276 -270 -271 284 -277 -267 261 266 287 274 295 -295 -295 -301 292 -255 -281 253 255 -257 -260 262 298 -262 -274 252 274 260 -251 -284 -267 -297 256 -276 -252 292 -252 -276 -288 268 -290 301]
[282 -252 -282 -292 -273 264 261 268 263 -257 254 -258 -265 -251 294 -269 -292 280 266 -288 280 295 289 -260 296 290 -261 -286 257 -263 267 268 283 300 250 257 -299 260 297 257 -268 -268 276 278 272 285 -273 279 255 -269 -280 -253 -259 -269 268 253 285 -255 289 -251 279 -274 294 290 275 -291 -283 -300 -299 279 -266 -269 287 -260 284 -270 -252 288 -287 270 -267 -283 256 294 -292 -264 -300 -280 -285 -268 271 -299 -252 278 289 -265 287 288 287 257]
[259 -265 -295 -264 -283 257 290 -254 262 -298 258 295 -266 293 -268 274 267 -288 286 262 -265 253 287 283 -262 289 295 -291 -278 -284 -251 -279 -298 291 -263 -259 -291 295 299 -290 -288 -269 -277 -296 272 273 258 258 256 264 255 275 277 278 -282 -296 -267 268 -294 -256 -275 -289 289 274 256 263 252 273 272 279 275 292 298 270 -285 -253 -266 263 263 -273 266 -279 282 -259 -287 253 -257 277 259 263 298 -285 268 291 257 -272 -283 287 -251 -291]
[-259 295 -261 286 -284 -286 -270 300 -282 -260 267 279 268 299 265 -289 264 286 -265 286 299 -274 257 -286 -287 283 -292 -281 268 -276 258 -290 259 -297 -299 -290 272 297 254 -252 -268 -281 -283 -301 -286 -282 284 259 278 -272 -262 274 259 -253 -270 275 -280 279 286 275 -252 267 -276 -279 254 -285 256 301 -260 277 -287 258 -298 254 257 266 -264 278 272 -263 -252 260 284 -264 -256 -257 275 -260 -286 -254 292 292 -288 257 259 280 -274 263 -278 263]
[-263 268 292 264 284 -259 252 -264 269 266 257 -301 -275 271 -301 285 253 266 297 274 252 -301 -252 275 -298 283 -277 290 288 254 286 -272 260 264 278 286 -261 265 291 280 -280 -251 -298 281 273 280 -257 -299 285 252 -295 -254 -267 262 252 271 257 -270 251 280 281 280 290 -273 258 -256 -251 -294 273 293 296 -302 -252 259 -266 253 -299 -295 285 259 275 -264 -274 -252 258 277 269 -293 -296 -292 -273 -287 -266 260 -297 301 -299 283 -256 265]
[272 -261 295 -289 291 296 292 -295 -267 281 277 262 295 262 269 -285 -282 -291 -290 -284 -260 -262 -251 -283 -264 275 274 282 -261 -271 -275 252 293 -296 -267 257 -253 -295 -276 -298 -278 256 -253 -288 -298 297 255 283 265 252 270 279 295 -271 -279 -287 280 -264 -287 -265 274 -254 -277 -261 251 300 -261 -278 254 293 -264 267 -267 -275 -284 -293 268 -254 278 280 298 270 258 252 298 288 -253 251 299 278 255 -286 -259 282 282 271 283 -252 -284 -254]
[286 -255 -270 249 -274 248 249 -294 290 276 287 -283 253 -286 -297 -251 -281 290 -278 -254 291 260 285 -263 -292 284 296 -267 -290 -283 298 -249 266 290 -274 -286 282 -290 -281 283 285 -273 -278 272 -294 -295 257 -260 -272 -255 -273 -262 280 275 -257 -267 -296 290 278 -282 254 268 -254 -269 -255 255 288 290 252 261 295 -253 -287 278 297 -266 288 279 273 293 251 288 -272 -253 -279 -250 -294 296 251 -282 291 260 -260 -276 298 -255 -279 262 255 277]
[266 -279 -286 -272 281 265 262 -296 263 -288 -264 279 263 287 274 -274 -286 -292 297 -277 267 286 260 -273 276 -260 -270 260 -273 -261 268 248 250 268 283 285 -269 279 272 298 267 -279 -269 -281 -265 -275 -283 -271 291 -288 -298 290 -292 -282 250 -287 -259 272 -295 -274 -268 -285 -256 -295 -275 286 -290 260 -248 -281 282 -282 297 -279 294 257 -289 254 254 293 -293 252 266 -265 264 270 -266 248 252 -253 283 -296 268 265 -261 288 293 -283 -297 276]
[276 285 274 -298 269 -263 -270 284 268 291 -285 275 -255 294 279 -278 -295 -275 -293 250 -293 287 268 -249 297 266 277 255 -298 286 -297 -277 281 264 268 -255 -263 -282 -249 283 -252 -277 249 264 -250 -260 282 -250 -286 -257 256 266 -298 277 266 271 261 276 -291 272 273 270 -290 -250 -274 -280 269 -291 -262 -298 278 -280 299 -280 251 -267 -262 296 -295 284 -260 274 -272 293 -251 -284 297 -280 -261 -295 -262 -293 294 293 249 252 -287 -258 -270 272]
[-265 -273 264 -270 271 273 299 -272 -269 252 -289 -292 284 -271 285 -282 -256 267 -297 -254 -253 -275 -300 293 -266 282 -284 -293 -285 -260 -288 252 263 -296 -286 -250 300 252 -285 -283 250 263 -297 -281 283 280 -257 264 272 -250 250 -267 277 260 255 -291 -299 -276 290 -279 -287 253 -268 -297 -298 262 292 279 291 -271 294 262 -272 274 -252 283 271 290 -259 -257 252 -295 252 267 -275 264 264 -276 252 292 292 -298 -270 275 -276 295 250 276 -261 291]
[252 -292 -289 -277 -290 -289 252 254 -277 293 283 -277 -264 -258 -297 280 295 -296 249 -290 -256 -266 -263 -298 -258 -291 291 286 -269 -258 284 -254 -272 256 -276 282 -260 278 273 -293 -270 -262 -251 295 -287 -263 274 270 -248 -275 280 -289 284 269 -286 256 -284 -295 -252 283 -278 -274 -282 -248 -260 292 -251 257 252 -290 279 -296 289 266 289 -281 257 -259 251 -253 292 273 -269 280 297 -294 -283 284 279 250 269 -262 -286 -257 281 294 298 277 261 293]
[-298 259 -249 297 -272 -284 -265 -271 280 266 -249 249 250 -299 -291 256 257 253 -261 -298 -249 -254 255 -289 -279 -260 274 285 -270 -266 259 272 -284 -299 -299 283 294 251 -285 -281 267 262 280 -267 280 293 272 -295 285 289 266 276 290 -257 266 262 286 277 270 -253 273 276 295 -282 256 -281 -291 259 -296 261 253 294 -277 253 -299 -279 -298 -284 -290 -273 -292 292 284 252 -265 -270 -261 263 -261 285 265 -279 -289 -251 -297 255 288 289 -291 -267]
[-294 -292 -275 -294 -269 -272 288 -294 -267 -272 -281 -266 -290 273 258 256 279 -290 -282 -279 265 289 -297 251 265 -277 254 276 266 283 -290 -277 272 265 -276 -260 -281 275 294 -249 298 266 -297 251 -282 279 290 257 293 282 -289 -263 -256 -256 288 281 -251 283 256 274 -276 259 287 -295 -291 267 268 -282 -266 -249 -280 283 289 279 -266 -277 -291 291 -283 -263 292 -280 -267 257 -251 -261 268 252 -259 286 264 264 -288 -296 -269 295 -267 272 -269 -272]
[-259 264 293 254 287 279 285 -274 -283 -281 -286 261 262 296 270 269 -289 -249 -294 271 -250 279 -282 -296 -284 271 -256 -257 -253 281 263 -257 288 -257 -270 -291 288 -292 291 -267 250 287 257 291 258 289 294 271 267 -255 284 -275 268 252 293 -248 282 254 262 -282 254 267 275 253 282 272 296 -262 284 278 275 278 -291 289 -289 -285 290 -268 268 287 -296 285 290 -278 281 -265 -248 -286 -260 -253 274 -259 297 -292 -251 295 -295 -272 -248 -284]
[-292 -280 -285 -293 -257 -265 -256 269 254 -267 -298 281 -260 293 257 293 -265 276 282 -285 270 267 -255 -257 -275 -255 -287 290 268 268 -259 287 267 289 -265 299 252 -288 -261 -288 265 -269 285 275 282 260 -275 -252 264 -278 -251 -275 257 288 -271 -252 300 -296 297 287 -282 300 251 257 -267 -267 -259 -253 -301 293 -277 -251 -282 -300 -265 299 266 271 284 298 267 -257 253 265 -252 -294 -264 -263 -251 -302 -271 -271 -290 -298 265 -281 -299 -279 -279 -272]
[271 257 -263 -266 -296 -300 -287 274 263 -252 255 293 274 -295 -270 -251 -254 -261 -299 257 295 259 283 255 -278 -256 254 255 261 -268 260 268 -272 278 -277 263 256 260 -277 -293 -297 281 -258 298 296 -260 263 -268 279 -270 -290 -271 -261 -262 285 289 -300 -282 294 -292 -297 251 -250 -278 -300 291 -251 -295 285 -297 296 282 -279 -271 260 281 297 -274 -278 277 -291 -285 251 252 296 -254 -253 300 252 296 276 291 -258 258 -265 -266 275 280 251 -297]
[269 -262 -298 -283 259 -291 285 -254 -272 -258 276 292 274 -283 -256 296 -257 289 -261 284 -295 -252 -269 255 260 252 -295 254 272 -296 291 261 -296 262 -289 -274 -251 292 272 -273 264 296 294 -264 294 287 -277 -292 -285 -298 -292 -267 290 -250 -261 293 -288 283 -285 277 -275 291 -277 -278 260 291 -265 288 -272 -279 -283 -250 295 258 270 255 283 295 250 269 261 262 -280 290 266 -255 276 256 -290 255 -273 260 -275 -256 260 -298 -255 265 -270 -287]
[262 250 277 -292 -283 262 -259 -283 -293 -276 292 -277 -280 -294 277 -256 259 294 -260 -253 -259 -248 284 283 -282 -255 -279 -289 -260 286 287 256 287 273 -250 264 295 292 -274 271 270 -291 -248 -290 -249 282 278 280 258 -284 -276 -276 -265 -287 294 258 283 -271 -271 -282 -292 262 -281 -278 -262 278 279 -277 -298 -254 296 268 -292 -260 290 268 -263 256 -259 -296 -266 288 -253 273 -260 -263 -292 -257 -291 -259 273 290 280 298 258 287 262 -289 280 -296]
[249 280 289 257 271 266 -285 291 280 278 288 276 276 284 266 -255 289 297 -254 261 -255 -298 284 297 257 -282 -262 288 -253 -259 278 289 250 262 -279 295 -264 -259 -294 258 -255 273 -266 250 -283 -273 265 282 268 282 283 278 286 -266 298 -299 277 -298 272 -298 -268 -257 -287 299 266 262 -254 294 266 273 -265 -249 269 270 294 263 -286 290 -285 285 278 -284 -257 280 271 268 -256 -273 -261 -287 -298 -274 274 265 -292 284 -252 -271 273 260]
[-259 291 277 273 -272 300 273 256 -297 254 -279 269 257 269 262 257 258 -252 -255 -281 -263 -256 278 -271 264 282 -257 -281 -300 -276 283 -263 -296 293 285 -281 -290 300 269 -289 265 -284 289 -291 -257 -281 -275 256 287 291 281 292 286 -261 297 -253 290 255 -265 -264 -298 -268 282 -283 -254 -266 282 270 -299 -273 -293 -288 -256 258 -261 279 -255 298 -262 -256 281 254 296 -268 264 -254 -261 263 -265 -268 276 -300 -298 287 295 265 282 262 -257 -270]
[273 286 254 270 -295 292 -265 254 -280 -291 -292 270 -256 258 -266 -288 266 282 295 264 -276 261 -285 -253 257 -272 -270 -266 -293 -259 -274 267 -273 285 288 -290 268 -276 -268 258 249 -284 268 299 -288 -252 -267 267 -284 267 -280 249 -265 -267 -261 282 -281 263 277 280 279 263 249 287 -287 259 269 -287 298 -286 286 274 261 264 -297 -275 -258 -286 -270 -278 270 280 255 -278 -290 -280 -254 265 274 -280 -284 -292 -291 292 269 -299 279 292 273 260]
[253 -280 291 298 -278 -293 257 278 283 294 270 -250 252 258 294 267 -280 -275 262 -298 -261 -252 -255 269 273 -296 -289 273 -249 -290 -261 -287 249 -283 290 298 -274 -273 -296 286 255 -252 265 273 -251 -266 258 285 266 -298 -281 272 262 273 296 -255 -282 -286 283 282 253 260 -270 279 -292 265 -274 283 -279 -275 266 -258 -293 283 294 279 -273 -249 289 -291 -278 278 266 -282 269 261 256 290 -286 -255 -272 290 264 284 266 286 -256 292 266 276]
[-290 287 -282 280 281 -257 251 -271 249 264 259 290 280 258 287 -295 260 298 -291 -266 -254 -290 -286 257 296 -252 -262 272 282 -273 -249 256 257 -265 276 298 -278 283 273 -288 284 279 -274 -294 -293 -298 -265 288 -257 -291 263 -297 263 295 -265 -262 258 -273 -298 298 -281 -267 -291 263 -253 294 -280 -284 -285 -266 -275 -271 259 -253 259 254 259 268 -282 -256 263 269 297 -282 -277 296 -249 -278 -279 284 -271 -283 -277 273 -277 -254 -285 -263 274 283]
[256 276 -258 284 254 289 287 -264 -284 -261 -299 292 258 281 297 292 263 -256 261 266 267 253 -296 254 254 283 -287 287 269 -294 267 294 -269 297 -292 -254 -296 261 293 -272 252 -273 -256 -286 -281 294 298 266 -281 294 286 -288 264 -251 254 295 -274 253 -281 266 268 -263 -275 282 297 -253 273 -276 -262 -266 -281 281 -277 -258 -267 253 286 272 288 284 -273 -294 287 -252 -285 -288 258 -299 256 275 263 -264 -280 286 -283 -273 271 -279 -278 250]
[-250 265 278 -259 -294 -253 -263 -288 -263 -255 -288 276 293 -292 -266 -273 -288 -288 -250 286 264 274 288 277 -277 287 -278 274 266 -290 269 -268 -294 -284 266 274 -294 259 268 275 297 -254 295 296 -280 291 250 -256 -261 -252 -286 -268 252 -293 -252 298 270 260 290 261 258 -278 267 289 -250 -289 286 -261 263 298 283 255 -269 266 284 285 273 -266 250 -258 293 -288 275 283 255 -283 269 -287 291 291 -283 257 -255 -272 -282 281 -261 -258 -281 296]
[-286 -273 -259 258 -268 290 267 -289 -258 -291 278 283 -284 295 -270 -280 -268 -265 261 257 282 -265 289 -275 268 271 -288 -273 -298 298 -261 -270 -283 252 253 249 -260 -289 268 276 263 -274 -251 -291 273 282 -272 288 -280 -256 -250 282 -253 -284 264 -283 -288 277 264 -296 294 260 299 258 -268 256 -268 -281 281 284 260 283 -269 299 -253 249 294 -255 -299 -284 -265 -291 281 -267 262 -294 -255 288 -251 275 294 283 267 298 -297 -282 -250 -265 -267 267]
[296 286 253 -284 -268 -265 287 -280 -250 294 -265 -268 260 276 262 -262 263 -293 272 -270 -271 -283 279 -269 -279 263 284 -285 -262 269 -289 -247 296 276 -269 248 -256 -284 291 288 286 -259 -248 -273 -270 -289 291 -274 251 -257 -276 265 -258 -295 254 -289 -289 -273 290 249 296 269 -293 -294 -294 286 267 -272 -281 -293 252 282 -257 -287 -274 290 283 295 -275 264 -291 261 -259 -290 -249 -292 262 -283 -259 -259 -249 251 295 281 278 -296 277 261 -272 -283]
[263 295 -265 -259 277 -269 -279 297 -277 288 -274 278 267 262 -262 -275 266 270 -266 265 290 -273 263 290 261 -291 -292 -269 286 297 295 -292 276 -292 -272 252 265 294 -254 -285 255 -293 -297 257 270 -274 -250 264 -296 -296 -266 255 297 295 274 -258 -280 287 -274 272 249 279 274 275 -273 -276 277 269 268 249 274 271 283 -248 -294 -266 -251 -291 275 -297 -291 -252 286 277 -274 258 -270 -275 283 277 287 -296 -255 283 -271 -264 -254 248 271 293]
[-260 -281 269 276 -297 -289 280 286 -290 284 273 269 290 294 275 -293 -267 -255 -288 288 265 -299 265 273 274 -297 294 -291 263 -275 -252 -262 293 256 265 -289 -263 -280 277 260 265 264 -294 -287 -278 279 -253 254 -268 -277 263 -298 -250 -291 -267 -264 -270 264 -263 277 -296 293 -288 261 -291 260 299 -253 -251 -284 -283 -282 295 -281 -262 292 249 272 255 259 257 -254 271 -270 273 272 260 -283 -268 249 284 -249 -293 292 -270 274 -266 266 278 263]
[292 -297 -271 268 -252 -301 282 269 297 -255 -297 -261 261 -298 289 297 -273 -269 259 -293 -268 291 -267 -273 253 -279 -280 -261 -272 278 -276 277 -278 267 -265 -289 295 -254 -294 254 -260 256 275 -270 -255 -289 -260 -292 265 -271 294 -276 -281 264 252 -292 255 269 -276 298 -265 253 255 271 296 252 259 255 258 -279 -264 261 -265 -254 260 277 260 -260 -298 286 -293 -277 301 255 289 280 252 -294 -293 -298 -273 -264 -284 291 290 -272 294 -296 274 271]
[262 289 -296 286 -279 -291 291 -294 265 -251 -253 260 -268 -256 258 -253 246 260 -270 -296 285 -296 -259 295 -279 293 251 287 268 291 -253 -281 -272 252 -249 276 288 -275 293 289 254 -296 -279 251 -291 -260 266 287 -268 -278 -263 253 283 253 259 -289 -273 294 -295 -291 282 -284 -265 284 -289 -269 286 282 -288 -295 262 256 -246 -278 -249 279 -296 -247 -261 -285 273 -256 -266 264 272 295 293 288 291 -287 269 286 -293 275 -287 288 -246 -262 283 246]
[299 260 263 -270 273 -286 252 259 -285 251 -293 -281 262 250 -251 296 -298 -269 -293 -257 266 -259 -281 250 275 249 251 -267 -270 -259 -280 -259 254 283 254 270 289 -268 -250 -283 -266 294 255 276 -285 265 -293 -265 294 -291 -267 265 -284 -291 -299 296 -298 281 -264 -259 -283 299 272 -272 -265 257 295 -283 -292 -277 294 -294 288 -254 280 293 278 278 -283 297 -251 264 266 -270 254 269 -289 -269 254 276 -294 277 -279 -290 292 -272 252 -276 297 -292]
[268 290 -277 289 300 265 278 267 -254 -257 -266 252 -289 -256 272 263 288 287 -262 -296 263 -293 279 254 264 279 269 -273 -253 282 252 -263 253 261 257 -282 301 268 -301 -252 292 260 287 -275 288 -301 291 -266 256 -295 283 -266 -300 -298 -272 -255 -279 -264 290 -266 -273 260 -282 292 272 -283 256 -275 -271 265 -301 265 288 290 -265 -299 256 259 -276 274 273 268 270 261 -275 -280 282 263 282 298 299 -252 -283 273 277 -301 261 269 252 -263]
[-279 -274 -276 286 293 295 253 267 -286 -274 -286 -259 275 -289 298 290 284 -255 286 286 274 -270 -290 -291 261 -252 266 -265 -271 -271 -250 -273 263 267 272 -256 251 -286 -296 250 -300 -285 -300 286 281 -291 -263 250 -255 -298 289 271 265 266 267 288 276 298 -294 283 -266 -290 264 -252 279 252 266 262 278 292 266 -298 290 262 276 260 -271 -291 250 -265 288 -271 -266 -300 -262 253 -271 280 -264 -265 -251 -276 278 -300 -284 -293 258 -255 -264 272]
[276 270 -275 -277 286 261 -261 -251 -253 -258 -287 280 -263 -292 -290 268 -280 -293 -290 277 253 268 -283 -295 -254 -292 -286 280 -270 -265 -260 266 -283 -279 -270 -295 252 -269 288 258 272 -281 -279 296 286 -285 -277 -291 -284 272 -298 279 281 -266 277 -295 -272 299 285 -263 278 280 -261 271 277 -290 -273 280 -278 272 258 297 -291 290 -261 262 -266 -287 -249 -262 299 257 281 283 -251 255 282 266 -261 -266 -298 286 -258 258 285 252 -271 -249 256 -255]
[255 276 -292 -287 266 268 274 251 -251 -275 -255 -268 -294 -287 276 -264 291 290 298 289 -297 -278 -264 299 -267 -256 263 -274 280 -262 288 -263 281 259 269 -282 277 274 -254 -291 -258 257 272 295 254 273 272 -256 -267 -271 301 -257 -299 267 -260 302 300 -256 251 279 263 295 279 280 258 284 255 260 270 -271 281 291 283 -252 267 -298 -291 -273 -286 -260 -262 261 298 254 270 -258 -277 291 -291 -273 -254 -289 -256 -285 256 -300 -254 -301 -285 -287]
[-257 266 252 268 -267 -268 -281 286 285 294 -276 -266 -278 268 -260 288 -253 255 253 -281 -261 280 -290 259 284 -271 271 -256 -276 -248 295 -274 -284 -280 250 -249 -291 -286 281 -283 271 -276 -297 -283 -269 277 283 252 -277 -293 276 283 -282 -297 -273 -262 258 -259 -261 -262 295 281 -290 -290 291 267 296 296 -271 270 275 -273 -292 267 278 -265 283 -297 291 -282 264 290 253 258 -252 -283 -276 290 260 282 253 269 249 -280 287 295 295 277 290 -256]
[298 -264 263 279 -294 -299 285 262 -275 287 264 -264 -301 -291 -252 253 -294 -255 -254 255 -289 -276 275 -277 252 279 268 276 -294 -269 -296 -291 286 -257 -271 281 -294 -277 262 257 -253 268 -270 257 272 -263 -293 -287 -260 267 -256 -289 294 300 -278 -278 291 266 291 259 -262 -280 285 263 -260 -261 -262 -251 289 -256 -257 278 256 -262 -272 -252 -287 254 296 -297 276 280 -275 271 -299 -270 -288 290 -266 263 -269 -288 -267 -257 296 294 -290 261 -253 -285]
[-298 286 297 273 255 -266 -268 266 269 266 267 297 -297 295 -252 280 289 259 272 -297 -276 -255 268 -257 279 266 -298 300 270 250 -261 297 -291 270 -259 -256 -289 -270 -256 -300 -259 257 263 253 282 253 -274 294 -256 -284 299 266 265 254 -251 -260 271 290 -265 259 -289 -260 -250 290 297 -293 299 280 -271 250 257 -283 -251 -279 266 281 -291 294 293 -261 -283 -273 266 262 -285 264 292 -286 259 -267 -295 273 297 -254 297 -285 -260 -283 294 298]
[259 -254 -280 261 -264 -291 296 280 -268 295 -248 287 -279 -253 -292 -295 278 -255 -259 -286 -296 285 -248 267 -256 289 270 283 253 -290 -296 -254 274 -279 -296 278 -293 -258 274 270 260 -271 -263 272 -294 -292 -267 -256 275 -285 -288 -266 260 -269 -294 267 -288 -256 258 -275 282 -280 266 257 292 -282 -295 -277 -285 257 267 -291 -272 -280 293 297 249 -269 -282 -272 -291 252 287 271 -286 -256 -276 -253 -260 -260 -267 -255 297 -269 -285 -288 -269 -259 -298 -261]
[-251 266 291 -267 -274 293 284 253 276 264 -298 285 280 294 275 257 295 258 -257 252 260 -298 -252 -254 265 -282 -276 -292 267 -285 294 -267 -265 283 258 294 290 -290 291 -274 272 286 297 -287 -296 252 275 291 -283 -289 288 287 -272 -270 -279 -275 -249 258 293 -257 262 -274 272 275 -278 252 -257 288 291 281 249 281 -285 262 -295 -250 266 -265 -290 284 295 250 289 270 260 -284 292 -248 267 251 253 -298 -269 -263 -289 275 249 -268 280 253]
[-267 -274 262 257 -292 272 291 -286 272 290 -299 255 -290 -276 267 -273 -258 271 265 276 289 -267 -291 -253 272 -261 -256 277 298 268 256 -259 -288 -264 -271 -272 276 -264 -267 -254 -296 -285 -299 253 287 -269 -293 -275 261 -263 -266 290 255 282 281 -254 267 267 290 253 271 -280 279 -290 291 254 272 -288 293 273 279 291 281 279 271 -289 279 256 -297 250 277 -293 262 255 295 -283 266 -252 296 -262 264 -291 280 -256 297 -274 273 269 284 256]
[-276 260 264 277 -270 293 292 285 255 -251 -271 297 -265 -274 286 -279 -266 255 272 -274 -268 -272 261 -265 252 293 259 299 264 253 282 276 -284 -251 -264 -267 253 295 -284 -254 268 267 300 265 286 -256 -301 -274 277 -292 283 -269 258 -252 -257 -297 -285 300 -294 266 -256 286 263 -252 -280 266 289 265 257 -278 289 262 -281 -301 279 -255 -268 298 288 -299 297 -293 -276 280 276 261 283 287 275 -274 -265 298 -266 282 251 272 284 -266 -273 287]
[-298 294 -265 258 -272 260 262 291 -262 -291 -264 295 273 249 -283 -279 297 -253 259 275 -284 287 263 -254 282 -256 271 -263 -263 -260 -277 -285 291 -278 -263 269 272 274 -253 285 253 -278 272 288 284 293 -294 -254 -264 -282 -298 295 -273 253 279 -264 -256 283 267 -298 -298 -269 -290 -289 290 -269 -298 -253 -277 -264 297 -296 -282 298 -289 255 281 266 256 289 -282 -284 -256 -251 -248 -277 283 259 267 252 -281 265 268 267 -261 -264 -294 292 -248 -294]
[-293 260 -298 261 -298 284 272 -282 -250 279 265 -267 284 -251 287 -290 292 -265 -272 291 262 -250 279 271 287 275 274 265 -281 280 -270 -295 254 -261 -265 251 -289 -287 279 254 292 -291 291 -260 285 283 -280 -266 254 258 -260 283 -298 -273 257 261 -263 -278 -254 262 249 286 -258 297 -283 271 290 -281 271 275 266 -283 -284 274 266 -265 -288 -288 -272 -254 268 297 282 279 -292 -282 -269 286 264 -269 -296 -288 -262 -284 297 -276 -251 -255 -284 274]
[260 276 -285 -285 -298 252 289 295 -263 -266 -252 252 251 288 -254 -292 -291 -287 -281 -270 288 -268 290 -291 -291 257 -286 294 -248 -291 -293 -281 283 -253 268 -267 275 -278 287 269 292 -295 278 -258 -280 -289 -282 -273 255 288 -267 -284 -297 256 297 277 279 272 257 -280 -293 -286 287 -255 248 298 -275 288 -281 250 -257 -280 285 252 257 -285 265 292 -268 285 292 276 252 272 289 274 276 294 254 270 -263 262 -279 274 -291 -249 -271 -264 -248 251]
[-274 264 -289 269 266 -258 -284 287 263 285 -258 -254 -263 -276 253 -260 -269 -260 -263 283 -276 -283 -291 300 290 280 -266 -258 -267 296 -260 -254 287 -254 284 264 -279 261 279 283 -299 278 256 -300 -253 257 -290 250 -250 -278 -282 -290 -296 -267 -282 265 -273 -293 -257 271 286 250 -274 285 264 285 -295 294 -300 -251 -268 288 -293 298 281 295 253 293 -283 -287 272 253 -260 -264 -251 -290 290 -253 259 267 -266 -252 295 -300 279 291 299 295 252 266]
[297 255 273 254 -266 294 -290 -252 273 -257 286 278 -301 -264 -274 -276 -255 285 267 -256 286 -277 -277 -259 275 -257 267 288 -292 283 270 -293 267 -260 261 282 -260 -269 -285 278 296 -252 -277 275 -286 -268 254 298 -275 261 -263 -260 -272 -292 271 -296 -262 -254 -278 -262 277 -275 -264 -266 -284 -289 -294 -289 295 280 -256 262 252 -260 -267 266 -280 -283 299 -302 275 -299 280 273 -295 -258 269 298 -268 259 292 266 258 259 -281 -279 -272 -271 -288 -274]
[-255 -274 -270 -268 -269 -282 -269 -283 -297 -276 257 -291 273 262 259 273 280 264 -296 -263 -277 251 -271 -287 -293 -252 289 -284 269 255 295 296 298 284 -267 280 -255 -297 249 273 288 -296 273 -281 263 280 -268 278 -290 284 -258 -278 283 -256 256 263 262 251 254 -292 285 -271 251 -285 283 265 287 276 269 -257 -268 260 268 275 264 -280 299 274 -282 -251 286 277 280 -296 -284 -276 -287 272 296 -257 -269 280 -284 -255 -297 -275 287 -259 293 -284]
[-266 260 283 256 249 295 -273 -296 -287 -282 -251 279 -296 293 288 -289 -290 -298 -279 -269 259 252 -280 -281 -297 -288 291 266 -296 -280 273 267 254 250 -265 -251 -288 -288 299 298 -249 -254 265 -255 -285 266 -285 280 -270 -251 257 259 282 -254 -249 251 262 -268 -276 -285 293 -252 -252 -283 -298 -298 284 -266 277 -270 -269 288 -275 -262 -296 -293 280 -289 256 -288 -266 263 298 -277 283 -261 -249 286 -293 272 291 -284 257 277 -271 -268 -288 262 264 -249]
[262 -291 -254 275 253 -284 -298 -273 -281 260 -289 282 257 -269 -258 259 -279 298 -268 300 -276 285 -252 297 -286 270 277 256 274 272 256 -251 -274 275 293 -281 -279 291 296 262 -299 280 -278 281 271 291 251 279 262 251 256 -277 -253 -252 285 259 -288 259 -264 253 -270 280 -291 -276 261 -299 275 -274 -281 255 256 275 279 -255 -292 292 -263 268 -292 259 297 295 260 -281 265 285 -258 290 298 -265 277 294 -261 266 261 -298 275 276 284 -298]
[276 -270 291 297 -282 296 264 253 -269 -271 -289 274 277 -301 -300 289 -279 264 -272 -283 -256 261 -272 -294 256 -279 281 262 279 -278 301 274 283 -255 282 -251 290 253 -285 259 259 -265 252 292 273 251 285 -268 280 263 -253 -250 -256 269 298 268 -257 297 286 -279 278 -278 -286 253 -298 269 252 -258 -280 -259 293 250 -256 -301 -295 292 285 286 -274 -283 272 267 -284 -252 251 -292 254 -268 -299 -285 279 -285 268 -277 -272 -299 -251 -262 283 -282]
[-274 -287 262 -270 -291 -273 -253 -255 273 279 299 293 -279 256 -260 -277 275 -294 -278 259 282 266 -294 -264 257 265 299 254 -284 -290 252 260 290 264 -254 282 -252 268 261 -301 298 268 254 -281 267 -300 265 -267 -281 -278 279 -278 -265 288 -254 272 261 -267 267 -275 289 -299 299 -252 292 -275 275 282 281 -295 -278 255 -255 260 -290 260 -257 295 268 283 257 253 298 265 278 294 -251 -265 -295 258 -294 -299 299 275 -252 -300 295 -268 -254 -254]
[-298 259 265 283 296 288 -261 -290 -259 283 299 295 297 285 270 -298 263 290 290 -267 -257 253 -283 -256 -264 -260 264 -285 -287 -280 -279 279 -280 -280 -280 -269 273 -265 -294 252 290 -289 265 -285 264 -274 295 290 298 -252 252 256 -274 -288 288 254 261 249 257 -277 274 283 251 -270 297 -270 277 -273 -297 -255 -250 -299 -262 -279 -253 -294 298 -269 -258 -250 -267 -289 -252 -274 286 268 -281 -261 253 -287 -256 249 -282 264 -296 258 -251 291 -263 296]
[-275 297 -295 -260 299 -260 -275 271 260 -298 279 -279 273 -295 267 -257 -252 268 271 268 284 260 273 278 -262 -254 282 -289 -267 273 298 259 280 261 -282 274 -263 300 -259 -265 -268 -273 266 -255 -269 289 262 264 -279 -265 284 -298 -254 -269 -268 -257 288 295 -266 294 276 -289 -269 281 293 257 -267 -251 270 253 286 -296 -258 253 262 281 -285 -269 -297 285 293 -274 268 280 261 -262 -264 -289 257 -270 293 -287 291 297 282 298 294 -260 -267 -257]
[-267 -296 297 258 270 -283 -289 299 -276 -264 290 278 256 -268 -264 -260 270 -272 250 -268 285 -269 282 296 277 -284 -295 256 -251 -258 -272 -291 288 -264 273 -295 279 262 298 -280 -259 -289 263 -276 264 -250 271 -286 267 -251 253 -279 286 -294 284 -259 251 299 256 291 274 257 294 282 -270 -287 258 -276 258 281 264 289 285 -294 292 -295 -260 289 -271 253 283 257 285 -259 -257 -285 274 -273 268 266 -263 280 -279 263 -293 -284 273 294 -253 -266]
[-259 -263 288 294 -294 -273 261 295 289 -284 285 258 269 290 -272 -262 268 -270 -273 -266 295 -277 253 296 252 264 296 -252 292 272 272 289 -274 269 -273 297 -254 271 280 258 277 -293 -274 256 -266 294 264 -281 -262 249 258 -248 -282 292 -274 271 279 -269 -263 294 -289 -285 288 -281 -290 -273 256 -294 252 -290 -251 -297 253 -283 287 252 -296 -274 -281 271 282 279 293 -267 258 255 -271 269 -291 257 263 -269 281 273 -273 -267 -277 253 -297 -286]
[-262 269 -271 -289 -252 -288 -251 263 282 -257 -276 282 -253 -277 -258 -274 -261 -254 -290 283 -290 -294 268 -271 288 292 256 -251 279 -272 283 280 297 251 -285 288 280 -253 262 -284 298 297 257 -300 -266 254 -260 279 256 265 279 -281 -296 -298 266 263 267 271 297 291 289 285 272 258 297 281 291 -255 -257 -252 -297 -266 286 261 254 281 -265 -269 277 277 -257 284 -276 253 -293 -289 -291 -293 -261 284 276 -284 -255 -276 -287 -251 -296 -296 296 260]
[-291 -260 252 279 274 -283 -265 258 280 -266 -293 -272 276 259 -271 -252 -280 255 269 -292 -282 -289 290 -252 -298 -271 291 -292 253 -252 -272 -257 299 -291 -285 252 -265 -256 -274 -264 -256 -277 -292 296 -258 259 -275 -298 -270 -265 -285 -302 -281 300 269 -252 287 259 265 264 -262 -283 302 -256 267 -295 -260 266 299 288 271 -252 257 285 274 -265 259 -298 280 -290 286 -257 -270 259 258 -279 -284 -276 293 -283 -288 -292 -275 274 -271 286 273 -252 -298 -279]
[257 -256 280 287 -266 297 276 272 -280 -253 270 -296 -275 -249 286 273 285 270 -271 -285 286 268 260 -278 -294 288 -255 -249 -255 -268 -257 290 -281 -260 -297 -280 294 -265 -264 258 250 -291 292 289 -258 257 253 -292 288 285 295 -283 249 -248 294 -259 290 254 -287 -285 293 -271 263 -285 -287 287 -268 260 -254 -260 -281 274 296 -298 270 -266 -282 259 275 -266 285 258 -257 267 292 -283 289 -280 -281 294 -276 287 260 264 253 -278 -294 277 273 266]
[275 277 -281 -274 297 259 277 269 260 268 271 -254 255 -298 -256 284 284 -300 -252 -255 267 -303 -291 -252 281 287 254 -255 -276 -290 254 -272 -256 255 260 -297 -295 302 264 259 272 -274 296 273 -279 -259 266 -264 297 -265 -286 300 -285 252 254 -299 281 276 -262 -264 260 277 281 274 -252 297 -300 -255 -254 -263 -300 -258 -267 -257 -267 290 -255 -261 281 274 301 252 298 -266 286 -301 286 299 264 -296 286 286 261 -252 -257 -274 -298 287 -269 278]
[274 299 284 -282 -256 250 -298 -292 267 294 267 251 257 278 -298 288 291 -283 290 256 297 262 -257 277 -275 276 -263 -286 -259 253 -258 -274 287 261 -263 -275 273 -273 282 -251 -294 -297 273 283 -268 -290 -249 297 267 -297 273 288 -265 -285 -276 -293 254 263 288 262 267 254 250 282 -262 -294 -251 -291 266 286 285 275 -252 261 -296 258 292 -288 280 249 286 268 255 284 297 -292 262 274 -257 297 287 267 -254 282 -283 -266 -283 -270 262 -263]
[-296 -298 263 -282 -272 -296 280 284 279 255 276 -284 259 275 -286 -291 262 -287 251 297 -291 -251 292 252 297 -292 -276 -259 267 255 292 257 -275 289 258 -282 277 -271 268 253 -260 252 263 271 -281 -289 267 -289 -257 -295 283 261 -269 262 266 288 288 283 288 -266 255 -274 -284 -282 -279 284 -248 290 271 276 -249 278 285 -275 -250 260 264 279 252 293 290 -273 289 -285 288 257 256 -262 248 293 -272 -296 271 251 -272 290 -298 -258 -248 -291]
[-259 -275 -261 257 297 -297 -270 -278 293 262 287 -267 260 286 -268 267 -276 -272 289 -265 -257 -290 -289 -259 -284 291 294 -297 267 288 294 -290 -263 -289 -268 295 291 262 258 -292 271 -291 290 -266 -287 -295 -270 274 294 -291 295 -253 -254 -258 -284 275 297 -269 -287 295 275 -287 -249 -267 249 -251 -291 265 265 298 256 -292 252 -265 265 -298 293 -276 -248 279 262 250 -257 258 -292 251 -248 -255 288 -263 257 278 264 273 278 -260 -282 291 253 -250]
]