34 34
-66 -115 130 194 -166 -39 246 -287 -117 -72 142 -254 -84 184 -38 74 216 -146 213 224 -38 -250 320 -60 -249 -85 173 -36 -401 93 -51 -249 151 -212
-123 245 -185 -288 -191 96 -191 239 -108 290 -69 -36 198 190 174 197 79 -231 -63 119 92 336 177 -161 -234 -187 -249 -311 312 139 348 152 -419 -139
-283 95 -92 -162 -22 -84 -262 -274 -231 117 258 -288 -123 -267 12 223 19 -160 -238 261 270 -286 192 -168 -169 137 -196 53 94 22 312 172 236 -380
72 255 147 11 -82 -7 16 -63 168 140 -3 -65 -95 -8 -91 95 38 -181 -280 224 -168 -181 140 -319 414 66 -52 -303 -7 -37 -10 60 198 145
61 144 195 -182 176 158 7 -174 92 -240 -124 283 -147 63 285 105 -125 295 -4 -11 11 -196 -344 -163 212 22 43 -8 -325 -336 315 63 -82 -134
34 -245 -55 86 -73 295 -265 59 246 -109 -92 207 229 -142 -135 -14 117 -119 145 -276 294 18 421 90 57 59 -103 551 -241 16 -193 201 75 220
140 198 95 202 62 -57 -201 -120 -118 9 197 146 -142 -124 -116 -29 -92 -65 70 193 133 -142 150 224 -159 123 -54 -151 65 29 -47 -131 -44 -353
-164 29 -140 219 133 81 -43 166 -124 33 -89 -19 59 161 15 21 72 -136 -146 -69 295 62 217 199 -61 174 -300 -375 -172 -80 29 -401 -24 -136
127 26 -54 -298 -271 -133 199 35 -208 272 185 -292 -152 -38 110 62 -26 198 -269 -152 -217 -23 -254 -238 279 53 -7 -291 -16 385 203 289 -86 94
203 -102 -269 163 12 -218 -80 83 22 204 202 -148 -212 -26 2 -263 144 249 -55 42 258 105 146 -507 -543 -242 245 -184 85 405 -255 275 456 -14
293 250 -270 225 104 112 -98 -212 -191 -28 -97 -83 -227 -155 163 -111 332 -294 55 30 122 117 7 -241 -330 48 -135 -132 13 -98 175 340 183 -171
58 231 100 -53 80 -183 -267 10 -260 191 124 -273 -123 144 186 -99 139 272 -276 12 14 -85 21 -171 86 321 429 -239 192 -17 333 -45 -55 -39
-157 -296 213 -45 156 206 108 -28 -130 -19 33 -45 153 8 65 -71 -42 92 -49 -154 -130 -19 -279 145 -171 180 264 -36 -87 -160 -13 -209 -93 256
164 -81 -141 114 -246 117 -114 160 17 245 52 -198 -45 -81 83 -289 107 -55 312 -531 25 233 120 -24 -147 -339 190 -12 -74 56 -53 276 187 70
255 -142 264 -293 87 -116 -111 -208 -79 -104 -158 -21 52 -169 153 185 135 34 -236 -6 -291 127 -220 -354 119 226 120 -34 -144 214 220 204 51 164
-26 154 -105 -81 262 74 -168 49 15 117 -84 -67 -200 -191 186 -19 264 -292 -182 233 -64 282 14 -25 25 148 -9 -95 241 162 235 27 -146 -64
120 197 -185 204 9 263 209 209 279 -55 -102 35 -213 -66 195 -8 202 -288 260 73 21 193 -176 207 146 -282 -138 -184 3 -87 -24 102 -258 -449
-123 169 -25 260 12 -75 -57 6 104 -92 -122 138 262 -120 -171 57 121 -228 135 216 -25 -309 -6 186 -80 -187 49 76 85 -92 -92 -54 204 49
36 -60 -273 -244 -171 -64 23 226 -288 -63 82 -3 175 38 345 -214 -38 195 -413 166 149 220 -22 -155 53 -342 -23 -51 -53 159 -18 -47 80 330
106 249 163 -86 282 261 -98 149 -11 -93 -224 26 115 253 135 170 -77 -199 -149 218 162 -32 -172 215 175 -173 238 -71 -20 -229 320 -41 -268 4
169 273 -43 0 -189 -185 276 -88 -248 139 170 230 -2 -191 34 -131 -69 85 88 163 10 -504 -161 -223 49 -59 100 -41 -275 52 -138 -206 -170 42
26 -76 38 138 -25 -115 -131 -207 -202 -259 -234 -219 -276 210 -156 -78 -69 195 -44 -117 -257 8 -11 -218 -534 -2 140 -155 -74 349 -54 82 -119 -213
-236 135 -187 -223 -10 -212 282 -156 56 -244 269 19 250 248 -152 173 245 -60 -106 442 -9 -60 106 -111 129 -127 -329 -44 26 190 -92 -40 51 23
-14 -145 51 86 42 115 -215 103 -81 -243 -74 91 -90 -56 230 -138 -165 111 239 -157 -79 -317 31 31 -26 187 244 188 -50 -275 175 80 -162 162
229 -58 -227 -12 -290 231 -157 61 -87 -93 64 -9 48 -148 93 140 132 -82 213 -238 -144 263 -72 274 -107 9 -14 102 -93 -73 18 205 -333 177
175 -172 -219 21 -205 -284 294 238 -274 48 60 54 99 -72 -276 -204 123 78 -74 347 125 -114 -48 -54 -73 -127 25 -112 -28 38 -76 -179 -2 293
-263 255 -13 -298 67 -27 -168 -144 -155 -1 -137 -15 53 -88 341 56 36 -106 -226 79 33 -104 -299 133 89 119 -480 140 99 178 -21 194 21 -186
-12 119 -274 42 -59 -244 216 270 -216 235 -193 242 -130 -120 -166 -297 111 50 49 205 -81 122 -103 -40 -17 189 50 -305 310 -21 -139 -153 -190 158
-296 -156 24 162 -11 -80 228 176 -237 201 -157 209 68 207 35 -105 -34 -22 -34 -159 171 -209 19 164 -159 -159 196 -179 -169 -98 -134 -216 -28 100
-195 216 -146 140 -285 56 -149 204 57 -88 -27 244 -202 -14 173 160 -207 10 -17 -2 294 -239 -107 -90 222 -218 -288 -52 -169 -160 -90 216 -338 55
196 -17 -177 -260 221 90 6 -168 147 -205 -59 289 87 -5 83 -78 140 -33 251 261 -258 360 -324 -243 -31 100 -269 385 -178 256 -296 -38 -9 160
-227 -46 256 -240 -245 255 -251 -259 103 60 -99 -148 -30 26 43 280 -363 1 -110 -127 290 -299 0 -221 66 -89 -196 -152 -173 -111 298 183 -234 -5
67 -88 -76 76 238 110 -243 -254 44 -190 -267 150 6 -11 -228 178 188 60 -131 320 -28 292 -53 -144 -169 149 -73 227 226 -21 -407 -359 232 -124
-51 -235 -173 -38 -77 16 -253 -225 137 -114 253 -50 -18 2 -52 11 -16 -55 125 142 272 -220 188 -214 -307 181 14 186 172 124 -309 19 301 -1
