-19 6 -37 2 533 17 -32 29 -15 -35 -21 23 -542 557 13 26 -12 -8 -7 -1 -15 -28 28 1 556 -3 3 -19 33 567 
1529436
-281 283 -249 251 275 -271 267 293 -251 -290 -258 -271 262 -276 -247 -292 291 266 286 276 -289 -281 263 -251 -274 265 -287 244 282 251 291 -264 269 -273 278 -277 271 -281 -288 256 279 266 -276 -264 281 -290 248 -292 -274 -273 
3716312
-257 282 -285 -264 258 -257 296 -263 275 -269 258 -281 -275 272 -253 -261 -269 295 -263 283 256 254 273 253 -256 262 -269 -292 253 260 263 264 -284 -267 280 -285 -285 -275 268 -287 283 270 -301 -281 277 -301 264 282 -277 275 266 -268 264 -271 276 261 -269 254 290 -281 297 297 295 -270 -280 -265 276 293 -263 299 
5250238
259 -295 -274 -256 293 -270 -254 259 -268 268 282 -283 301 -266 -296 -260 255 -256 -294 276 -289 260 -287 -289 285 285 -277 288 256 -299 -251 281 -285 293 -273 293 -276 281 260 -263 260 289 -259 300 -264 -289 275 301 272 283 266 290 -267 291 270 257 297 272 283 286 259 269 299 -253 264 -273 -277 -260 291 -257 262 -275 -260 269 -291 299 -289 275 300 251 288 -271 -256 -278 -273 -262 261 269 258 258 
6827616
-297 283 -283 272 -249 -294 -294 291 254 -259 294 -251 289 271 -288 265 -254 262 285 262 285 -252 253 -295 289 294 -275 257 275 -283 248 249 -277 -280 -289 265 -273 -293 264 -275 -250 258 -266 -294 262 -266 292 254 -258 -275 -261 -289 274 284 -280 261 263 -265 -249 284 249 -282 -297 -296 286 -280 280 288 275 -286 278 279 -252 -258 -277 287 248 285 274 259 -284 288 -253 284 -267 289 284 -283 294 -275 254 -254 -295 288 293 -269 -295 248 297 283 
7556284
