90 90
259 -295 -274 -256 293 -270 -254 259 -268 268 282 -283 301 -266 -296 -260 255 -256 -294 276 -289 260 -287 -289 285 285 -277 288 256 -299 -251 281 -285 293 -273 293 -276 281 260 -263 260 289 -259 300 -264 -289 275 301 272 283 266 290 -267 291 270 257 297 272 283 286 259 269 299 -253 264 -273 -277 -260 291 -257 262 -275 -260 269 -291 299 -289 275 300 251 288 -271 -256 -278 -273 -262 261 269 258 258
-257 284 287 -271 -292 265 -291 298 -268 -290 -250 288 296 -296 -270 280 266 290 263 262 267 260 -261 280 -276 271 282 -264 287 -263 -257 -272 -279 -275 280 250 -294 -262 -257 291 -252 286 -253 -268 -298 -277 -284 286 -297 267 273 255 260 283 293 291 254 295 -286 -271 -271 -255 289 -255 -284 250 282 276 -259 272 -256 -286 290 271 279 298 -290 266 291 -287 -283 254 -255 270 -300 291 268 263 -252 269
302 274 272 278 262 284 -278 303 276 292 -269 286 -280 300 254 273 258 255 -279 255 -280 291 -285 -254 -297 -276 -289 304 -298 276 268 255 -300 -266 -265 -276 -271 283 -273 269 -290 -258 255 272 260 -256 279 -257 -301 -269 282 288 -266 -298 -293 -256 295 -270 276 -254 -276 273 258 -255 258 254 -293 258 -260 292 256 272 -255 287 277 -304 -273 -258 -277 266 -257 -254 -287 -259 -292 -300 -260 271 282 296
-264 -253 -292 296 260 -300 298 291 -272 -258 -274 -274 -280 -272 282 271 255 288 279 -298 -250 -286 292 287 -287 298 -298 -254 280 -297 -253 258 286 -289 -268 264 -276 280 278 261 -275 -277 -262 -251 -284 -254 -260 -299 -260 -259 -267 -283 -267 -257 272 -272 -271 -250 257 297 286 -284 251 -291 252 -295 295 276 269 279 -286 -261 264 -293 296 260 282 -252 -268 -257 -297 251 253 288 286 292 287 292 274 -280
250 -286 -254 -272 -253 -291 267 -300 266 -299 289 -286 -271 -298 263 299 281 286 -277 -292 -286 274 290 277 -298 -252 261 -254 279 -259 -272 262 269 252 -277 265 -250 -257 280 277 254 -287 -286 291 290 256 281 264 -295 -272 294 -295 -288 269 -256 -281 299 -263 -260 -256 -268 276 -259 298 276 -250 273 -291 -281 -253 273 294 262 299 265 297 296 -292 -254 252 -266 272 292 -273 286 258 -284 -297 283 -251
-287 262 -264 -285 266 272 -250 253 255 297 -254 294 262 266 261 -251 -268 257 300 -269 -300 265 -282 -297 -296 -257 -254 265 -257 264 -298 297 -296 -298 -284 -299 252 -276 296 278 -289 251 277 252 274 -263 -251 -284 -289 -292 296 258 -285 -266 293 -283 262 299 262 -291 -257 274 -290 -255 -294 -252 261 256 -287 289 -291 -299 272 279 264 -258 261 -250 291 -279 -275 291 -279 -267 298 -281 -288 295 -266 279
-290 287 252 275 -271 -267 -286 275 267 -268 -285 -273 272 -286 -256 265 285 -300 -290 -259 283 -275 290 -257 281 -279 279 -262 271 -278 292 285 -273 290 -273 262 299 260 -262 -302 -263 -286 273 293 -261 260 262 276 -272 266 263 293 264 -259 -277 288 -289 -291 277 -269 -256 -281 275 -275 -288 254 -259 -254 -278 -291 -280 260 300 256 287 266 271 -255 297 -301 256 301 -260 268 -280 -279 256 302 -286 258
269 -254 253 268 268 -270 276 254 283 -271 256 268 255 267 -298 294 -257 -293 256 253 257 258 294 -292 -263 300 -269 288 -261 261 -264 295 -285 -272 -297 300 -288 -299 -287 261 -288 -273 276 -256 298 295 283 -296 -278 263 258 -273 268 269 -293 264 -252 -298 280 -287 -285 -252 -286 -289 287 -263 254 283 -268 -255 -256 -261 270 258 -274 300 -255 287 -290 297 279 -267 259 -284 279 268 -292 299 291 -255
-280 298 -269 285 -249 275 262 -253 290 -255 -295 -259 282 -295 -290 -292 263 -261 271 291 -265 271 -257 -298 -280 -261 295 255 -259 278 -289 -284 286 275 280 286 -261 -267 291 -269 -255 296 265 256 267 271 -264 -260 251 -296 272 291 -280 295 -259 -290 273 261 -279 268 -260 -275 276 -288 -294 -271 252 268 271 272 -270 -256 -265 270 272 -299 259 286 293 -258 -265 271 -285 -295 260 -297 -288 277 -257 283
-284 299 258 -300 -264 288 -281 282 -290 256 -284 -251 271 -294 -287 277 -279 -272 260 -259 -291 291 -291 -274 -281 -279 265 296 271 262 266 -266 294 294 -258 -269 -251 257 -281 -280 -302 -251 -284 -275 -275 -258 280 291 -266 -285 -253 -264 255 261 277 -282 -271 291 258 -253 252 -282 -251 -260 284 -301 -285 -265 -259 270 -267 255 -269 -271 -271 277 -289 -296 299 263 302 254 259 264 -299 252 281 -301 257 300
265 -293 254 249 293 258 -287 268 275 -267 278 -287 -296 281 277 -299 278 293 276 -272 295 252 -289 292 -273 -289 -261 -261 -275 -269 290 264 -289 269 -250 285 -256 271 273 273 285 -259 -287 -279 250 -253 -264 252 -283 259 256 250 276 295 -283 -264 295 289 290 277 -263 257 -282 282 289 -299 285 292 261 -263 256 257 -296 -257 -283 275 -255 266 -288 286 -286 -291 258 -285 257 -262 280 -278 269 -286
301 264 294 302 255 296 287 273 -292 272 -267 -258 -273 -276 -284 -252 292 273 -258 287 275 280 -258 -266 -254 258 -264 274 -263 296 294 271 -261 293 296 -284 285 -296 256 -295 -284 264 265 -301 -252 300 -265 -292 -283 275 257 301 251 257 282 261 -292 -258 -298 -257 -273 -253 298 275 254 -251 -256 -276 -282 -280 267 -264 262 280 -270 261 269 -271 273 296 251 -299 284 267 -280 301 -296 269 255 -252
-255 -283 -297 280 -266 -255 263 -267 261 291 285 -287 267 -283 -260 -282 -289 -267 -292 -261 281 -280 262 251 292 -285 282 -268 257 -276 268 -283 272 -266 286 -283 274 -252 296 278 268 -297 279 286 -271 -262 -273 -299 281 279 -282 296 256 -270 278 256 282 -257 -259 -262 288 -290 -258 294 -296 -257 295 -280 292 285 -254 -271 266 261 -275 -262 -272 -294 -279 288 -251 276 -268 -288 265 290 -258 289 250 -257
-297 273 -254 274 -253 -272 278 283 251 269 271 -296 259 -258 -252 252 255 -279 -293 -262 -261 -299 -286 295 291 -270 -265 -274 273 -280 290 -259 288 -288 -261 -282 -287 -268 293 267 -282 -270 274 288 -298 -265 276 296 -290 278 -288 -299 272 -294 -299 -298 -272 -283 260 290 -284 263 -263 -270 -249 -258 289 -252 267 257 284 273 258 -271 -249 260 283 -259 -294 249 267 -275 -292 297 278 259 -293 294 -254 -280
-253 -282 276 275 -294 -274 290 266 285 282 273 287 -301 -284 258 269 272 268 286 255 -284 -290 277 -263 -258 269 254 280 -265 -276 271 -298 -284 282 -278 266 259 -280 -263 -278 -267 284 297 301 -253 279 253 255 -251 280 261 -258 -262 -267 -261 291 290 299 275 -297 -263 266 -262 259 -287 -256 -253 256 -294 -268 287 -296 282 -301 -268 -252 -253 -294 256 -256 278 294 -277 301 293 279 289 -285 -281 270
-284 -294 274 -292 260 284 -252 -266 -257 293 -260 -255 267 261 286 249 270 -289 -275 265 290 -279 284 277 -255 -256 261 272 281 -255 -259 -287 -268 -293 277 265 -299 287 -282 269 286 287 284 261 -270 294 -271 -253 279 249 291 -298 -267 272 -259 259 -272 288 252 296 -292 282 -273 -277 298 259 -292 -254 298 286 -268 -271 269 268 -270 -292 -250 -280 273 -290 274 286 -275 278 -290 289 -283 251 255 265
283 275 -262 -262 -275 -253 -281 269 289 -280 -251 -297 -266 -284 -292 -289 -293 269 -251 -296 266 289 273 -278 -271 -288 -263 -273 -282 -268 297 274 259 286 -256 -264 -282 -259 -266 -283 -279 262 -288 -272 -262 290 272 266 -263 278 -271 297 -272 298 -285 -261 282 -264 284 254 -297 254 277 252 -263 -258 -269 298 298 249 298 -292 293 -281 279 -276 -275 285 287 -257 272 -262 297 266 286 -250 288 265 268 275
287 267 -286 -294 -259 271 -281 -269 -274 -299 -268 257 -280 294 286 -297 291 -298 274 -278 249 262 262 -255 -279 -252 296 -265 -271 -267 290 -272 -274 -263 285 260 -263 268 -254 286 -253 273 288 -273 -273 -263 277 295 253 283 -259 288 259 -290 273 -263 -254 -289 -298 272 261 -299 298 259 -290 289 251 268 296 -267 264 -298 262 278 -274 293 -257 -256 289 284 -288 285 284 -254 -290 -286 294 -250 -262 -283
-265 -275 271 -252 292 272 -282 -282 288 -282 -263 -290 -273 -270 -284 -278 -274 -291 293 297 -284 -265 -277 -300 -256 -299 297 -275 290 283 -251 -251 -268 -269 290 -297 292 -261 262 267 273 278 264 294 289 278 -266 261 277 -281 -257 -254 270 -269 280 -255 250 -287 -250 -258 -264 -273 -264 279 -259 274 274 -284 295 270 -261 300 276 -283 -277 -272 290 -260 -279 -278 254 290 277 -272 251 297 273 258 -260 -299
-281 288 -288 -283 279 267 255 259 -254 270 -275 -281 -256 257 299 -262 -265 -262 256 -282 256 -260 -276 -293 -281 279 -285 292 271 -263 275 -271 -258 275 302 -280 -255 277 282 276 260 -262 280 -285 259 -279 280 276 294 -261 -276 -269 -267 -290 265 -300 270 263 -276 -291 270 -290 -280 -261 -275 -276 290 -260 -283 -281 274 273 297 -254 300 -290 301 287 261 -273 -298 293 277 275 260 255 276 280 273 259
263 -256 292 276 298 -275 -264 -265 268 -257 -275 -272 280 -257 292 259 271 292 -269 -291 263 269 -262 281 264 -272 253 -294 259 286 274 -262 -298 -260 266 -297 282 300 -279 -266 -297 272 -287 265 -264 -268 -296 -291 270 262 263 281 -279 -268 -298 -267 -274 -296 260 276 -262 288 300 -286 264 -262 263 -282 -288 292 -287 -259 265 -293 260 264 268 -290 -266 -262 -263 273 -282 -279 286 255 271 -279 -277 281
-264 272 -287 258 -293 -272 -264 286 -296 -297 -263 -277 292 266 -264 293 270 -275 289 -292 270 -279 296 280 266 -267 253 266 -294 257 -271 -269 292 -258 -275 -260 -288 292 -297 272 -287 -287 -270 294 250 271 294 257 -256 -273 -281 259 262 276 290 252 279 -270 -286 261 295 -283 -262 263 -292 280 -272 -255 -297 -279 -254 255 -296 -286 -290 -275 253 280 277 279 264 278 287 -276 271 256 250 254 295 -278
-280 -270 -295 289 -282 -290 -251 -271 289 266 291 267 255 259 -288 -255 -288 -276 297 273 290 -262 263 -272 278 295 -256 277 -285 260 271 254 280 251 -278 -278 -264 300 287 254 -263 259 -257 -298 300 -276 269 271 -297 -278 -279 277 279 -286 273 282 293 -256 284 255 264 -265 259 252 -298 -289 252 288 -296 296 -259 277 287 -253 273 -276 -293 -285 -266 263 282 -288 -266 -286 274 261 262 -270 301 283
285 -259 -261 -281 -252 -256 -292 -287 287 -252 289 294 -293 -256 295 260 -262 -260 -270 270 -271 -290 -274 -290 299 269 -285 -280 290 270 297 287 -261 -294 -270 -301 -262 280 -267 290 -293 299 -258 264 -271 267 270 275 300 -267 259 -265 -265 276 -266 271 -271 -259 273 -263 -287 -257 275 264 -286 -274 -288 -282 252 -261 -254 293 -264 288 -275 263 -257 -285 -273 266 -288 -257 261 -291 300 272 -295 -279 -257 -281
-262 274 284 -265 -286 298 -251 -262 -282 279 298 -280 297 294 250 -265 257 -289 -254 -258 290 285 -278 -287 -289 275 281 288 -293 276 -259 -266 -298 -268 284 -262 -268 -294 -280 298 -255 265 -250 -257 -293 269 -284 -294 265 -280 275 -288 -273 -252 289 -297 -274 -293 -290 291 272 -256 274 -271 256 291 298 250 253 269 280 250 249 263 251 -293 297 275 288 -290 -250 291 267 -255 250 -250 272 -272 -298 -287
291 -299 274 283 -289 -281 -266 -255 -281 -285 -275 -281 249 -266 -295 290 258 -259 -259 249 -285 -252 281 -252 -291 253 280 -255 288 290 -254 -267 -280 268 271 -298 295 -288 -296 261 252 -298 -270 -291 277 291 -252 -284 -253 291 -268 291 -274 292 -280 -252 -292 -290 -250 -276 268 258 297 277 -256 293 288 256 256 -295 -257 -261 -286 -291 294 260 299 251 -255 287 260 -257 -272 -291 272 274 -252 -276 -290 295
-277 -282 278 -260 -260 -272 297 279 266 -293 276 -261 -253 300 282 -250 -261 260 298 -296 255 -263 286 -264 -261 -261 284 -277 272 255 253 -291 252 260 -285 299 -267 258 -267 -275 -253 268 -269 -276 267 -275 270 -298 295 -265 -294 -280 -262 259 -299 282 297 -289 -273 -289 250 283 265 288 278 300 265 280 292 252 297 -288 -284 299 255 259 300 -278 -291 -264 -254 272 -277 269 -256 -272 273 297 282 -281
299 253 -261 -286 -252 272 286 278 -256 278 260 284 284 -258 261 -281 279 -253 -289 -251 -284 295 261 -282 261 255 299 283 -275 -288 -284 272 284 -287 290 -298 257 -268 -292 -278 -283 -278 267 -299 267 262 273 -283 -277 -293 264 -270 -259 292 -296 -262 -254 292 290 -297 -255 282 286 257 -263 283 299 -285 261 -256 -281 -278 -269 261 -292 276 271 264 -288 254 -293 -259 -259 -252 269 285 288 -251 268 288
-270 275 -290 254 -250 -280 -268 297 -297 260 296 -280 276 263 282 -292 273 -261 281 -283 290 286 293 -271 -260 -249 279 -261 250 290 295 249 259 -264 -273 -291 -259 -288 289 280 -284 257 -257 288 -295 -265 297 276 -250 275 -272 -282 264 -293 274 -261 289 -285 -290 280 296 281 272 -288 -252 -288 254 -252 283 -258 -275 -257 265 -294 -270 -265 255 -281 260 -294 -249 -252 281 259 290 258 291 -278 296 289
-283 248 -295 -267 284 -281 256 -252 -297 268 263 -267 -263 297 259 266 291 -272 272 -251 286 -272 -289 270 264 284 270 283 255 -271 -294 -275 -266 -280 249 -285 -297 -265 270 -281 289 -293 285 -257 -282 296 262 294 247 -261 265 294 -265 -282 277 270 295 -269 -292 256 279 -283 -275 -296 -288 -279 276 289 285 272 -268 -267 250 -265 -269 282 280 258 253 -261 283 -263 -272 274 -269 -293 -273 296 265 -297
250 279 -271 261 281 -286 253 265 292 -298 -291 290 -252 -268 271 252 277 -286 253 -261 -291 -285 250 -262 263 -285 -270 287 281 -292 282 272 265 -283 -281 260 283 257 -278 292 -296 270 -254 -291 281 284 -281 -268 283 -294 284 277 -251 272 -257 251 295 -295 -291 288 273 270 250 -297 295 297 279 266 -253 287 -250 274 -269 -287 259 -287 254 -273 296 274 -254 -293 273 -272 284 283 -267 249 -283 274
285 261 -255 -259 -289 297 -256 -283 269 -255 277 285 -283 -301 287 256 -294 259 -262 289 -271 -276 272 -299 289 286 -269 279 -257 -264 -279 282 -277 260 -275 -290 272 -276 270 268 282 -298 291 -268 251 259 -300 -294 -288 257 -257 275 291 -275 267 254 -295 -271 254 -283 270 278 -254 281 -297 -286 -284 -269 -252 -255 261 -284 -255 279 -294 288 264 283 254 -272 -276 265 -296 300 -252 265 -294 282 269 -268
-264 -274 254 -252 -300 -269 283 -256 266 261 -298 251 292 263 282 -275 281 256 292 257 292 -296 273 301 267 252 273 -277 -298 -296 274 -260 281 272 -299 -277 262 285 -292 -285 -254 256 277 -275 253 -252 260 301 -277 -265 -280 -264 -254 267 294 -271 252 -301 -271 -301 -300 -272 298 268 -250 267 254 -292 -263 256 267 -281 250 -275 -282 271 -273 -300 267 301 297 -280 256 277 -250 258 292 -294 -286 -291
-285 -270 276 -278 -288 270 -274 -297 267 -295 257 -255 283 266 294 256 262 -278 275 -286 -277 -251 263 260 252 -283 273 285 -293 -251 254 272 -265 267 266 295 -291 297 -256 287 268 253 266 -286 -298 -265 279 267 -261 283 277 261 -257 299 283 -265 287 285 294 300 -268 268 263 -281 295 -288 -255 -298 -293 -268 285 272 296 -262 282 273 -256 -282 264 289 287 -252 267 -259 294 -271 -293 -283 277 -273
-262 276 265 273 297 254 -259 292 281 -274 294 261 -293 279 -255 280 -284 -268 -291 -299 266 -269 -294 -249 -276 253 255 -254 260 264 -263 -276 279 -271 288 -287 -287 286 -252 250 278 280 -268 285 -291 -290 -272 283 259 -267 -266 -286 -260 279 284 253 -264 -297 -250 275 -273 253 289 -267 -295 284 291 -287 293 -263 258 272 -258 281 283 -288 -284 277 -294 255 293 -283 291 -261 -289 289 -291 -258 276 -298
-254 264 -265 277 257 -277 -282 -295 274 -289 -275 268 -278 -260 292 -250 -259 -256 291 -293 -287 -256 272 -269 277 -289 -296 -298 -276 272 -275 265 266 -272 290 261 -286 279 -297 287 300 266 264 -269 -264 276 296 288 -264 -256 251 -259 294 -298 -286 -264 289 265 289 -286 -295 -277 -256 287 -262 296 255 272 -269 265 -258 -280 276 256 288 286 -251 -287 -282 254 -299 272 -254 -289 -275 -286 256 -286 279 -261
257 289 -300 257 -297 291 281 -274 253 -281 -298 -299 298 300 -282 280 267 258 -286 -262 272 287 -264 -270 -254 269 -265 -268 -269 -287 -258 265 262 276 -259 -251 288 -250 -266 -300 -258 265 -292 -276 299 295 -300 286 -294 272 -258 272 278 -268 252 -260 -301 265 251 301 255 -260 -269 -267 266 296 -272 279 -276 -257 250 -253 -294 -268 -297 254 256 -280 296 -257 -270 299 -279 -275 -274 -263 295 277 290 -271
-259 -263 271 265 -268 251 -295 259 285 280 -271 292 -262 292 259 273 -265 275 269 -271 -275 -299 -292 -290 272 -284 254 -296 -277 267 254 -265 -253 264 -278 -295 274 -298 288 267 -266 -279 -255 -257 -298 -286 -269 -293 297 -291 -278 -268 297 252 273 -261 296 -283 -267 256 267 -277 -258 279 295 271 -278 257 250 -270 299 -272 -295 280 298 271 -279 -262 -290 -260 293 -275 -295 269 -277 -291 263 254 261 -283
-254 275 271 -258 301 274 -294 278 260 277 -264 -267 -258 298 275 -303 287 -297 291 273 -298 289 -272 -268 262 -258 -269 286 276 259 277 255 -253 260 -253 -267 -282 -269 297 283 259 281 -255 269 -260 -259 -299 265 -290 -266 264 -297 -293 296 -272 304 261 -273 272 261 286 274 -302 299 266 290 -276 -261 -261 253 -269 -268 -261 -253 -291 253 -277 -264 -286 -270 253 -284 298 -284 -280 -300 265 277 271 282
-277 -292 260 274 269 271 257 274 -254 270 -296 -251 258 -297 300 281 282 294 -274 -268 274 286 -256 271 289 -259 256 -290 272 -253 -277 298 267 251 279 286 -280 288 257 268 -268 286 250 -282 253 -269 279 -286 284 -266 -261 -260 259 -257 -261 -273 -286 -292 -250 -270 277 -262 -281 257 300 -282 -265 -297 -277 286 276 292 255 -282 -283 298 271 -280 261 -274 283 -275 268 -260 276 297 298 -292 -293 282
-255 -262 -290 292 281 271 250 -275 273 -293 292 -292 288 269 246 285 292 287 -248 270 -277 -253 -249 -274 277 251 246 -266 -257 -274 -254 283 293 263 254 -266 -296 282 265 -275 -274 282 291 -287 264 -294 -253 275 -280 262 291 296 274 274 293 -284 -258 290 -259 272 -283 -278 -258 270 -296 -247 -289 -285 251 -261 296 295 293 288 271 -288 256 -295 273 261 -265 -294 292 295 257 -283 248 -294 -294 -270
-264 289 -269 288 298 291 -286 -277 277 -298 -299 254 264 -299 293 259 269 269 -250 295 -252 -269 -260 -288 281 -279 262 -297 268 259 -257 297 300 -261 -297 -281 262 257 258 -275 258 254 279 -282 255 -269 -269 -289 -266 -250 268 289 273 -292 297 -252 -297 -251 291 270 258 -256 291 -274 299 261 -277 269 -288 -290 251 -292 265 264 275 -264 -269 274 -271 284 -269 -271 271 280 -300 288 -297 -261 -250 -295
277 -252 297 -296 281 -284 -253 286 282 284 250 260 250 -296 262 -254 -289 -250 -288 254 288 279 -280 -279 -253 -271 -296 259 -294 291 270 -291 -276 280 291 -263 -278 -254 251 -288 -261 295 280 252 -295 266 274 -277 -262 -256 -258 -268 290 277 -300 296 -296 280 -271 282 -292 -290 300 277 270 -265 294 -270 265 -262 -284 -252 300 -261 -274 274 281 277 287 264 -264 -273 271 -278 261 -290 -283 -253 -277 -275
-291 296 292 268 -249 -297 -274 267 265 -248 293 -271 264 259 280 -272 -257 -277 -272 -284 262 251 258 -281 -274 -286 290 293 -248 289 -292 -268 -291 -297 -265 253 282 287 267 295 -274 -284 251 -273 -281 -264 248 -278 293 -292 -296 -271 296 -278 254 269 -294 -265 291 -296 -260 -279 260 -272 295 255 -248 282 -250 266 260 257 282 289 -293 252 -286 263 275 -251 283 -293 -274 -276 296 -296 -274 259 294 278
-252 -250 254 -273 -292 -272 -270 -266 260 -266 -290 -294 249 -255 -259 289 258 292 291 255 269 -287 297 261 -268 265 292 283 -286 -267 -287 -285 261 -284 258 295 -274 -285 -288 -257 274 273 256 264 -256 252 -287 274 -269 -264 266 -289 262 -288 -296 298 296 -269 277 266 -270 -292 -284 -255 253 285 -262 297 273 295 -278 279 278 -277 -289 -298 268 -285 -290 271 -299 -280 277 276 -272 273 270 283 -291 249
-281 269 -295 -256 288 273 -253 -271 -298 -278 -265 254 292 -264 264 -293 -260 -279 287 265 -296 -275 -297 -284 -279 289 296 -276 -280 291 -272 252 -265 -251 293 -284 -275 -295 -280 269 258 -291 -300 261 -263 -252 -282 -284 -273 -270 -288 -255 -255 -260 -271 252 -260 284 259 -272 254 -298 -266 270 285 297 295 300 291 -273 -256 252 -294 271 -297 261 262 278 -301 -263 275 -293 -276 257 -295 265 -275 263 -273 257
273 250 -273 259 270 290 263 253 -277 275 -274 -254 297 -271 -287 252 291 271 293 290 -274 250 -250 -283 260 273 -290 255 -287 -295 -299 283 -271 275 -286 258 291 -250 262 -259 -259 279 255 -253 -279 -269 -257 284 -274 253 -286 299 -290 -276 288 -287 -264 -297 -280 273 265 -287 -268 -294 -299 -299 280 250 279 -290 -257 260 -280 298 -268 -277 -267 -296 295 253 289 249 293 -282 -286 281 256 273 258 -294
256 -290 -250 -263 -264 293 268 -298 -285 299 -271 -283 -298 -279 263 -271 -297 260 277 258 282 273 289 -254 -257 290 292 -256 -288 -261 289 273 297 260 -279 -261 -259 -292 263 286 -295 -290 279 267 280 -260 -257 292 291 -269 265 262 -274 -279 274 -252 -284 269 -262 -299 275 -299 -255 -296 273 -288 -261 -294 251 -274 280 -292 291 271 256 277 258 -276 -261 263 -293 291 254 -268 -277 273 261 -255 -268 -294
278 267 273 -256 -275 -288 267 256 249 -267 249 294 284 -260 256 -268 260 -299 268 274 292 -295 279 292 -268 287 -250 257 -252 284 260 -295 -298 -294 -278 -290 -291 -257 -289 -293 278 261 -266 -280 -272 -255 -294 265 -265 254 291 -293 260 -261 293 264 -256 -287 281 254 291 296 -262 -274 -292 280 -261 259 299 274 -273 -249 -262 296 291 -296 288 -299 -285 -272 279 249 282 -265 -294 270 273 -262 256 -287
264 -252 -267 -277 279 -278 -295 283 262 -297 -285 296 -274 -252 259 270 -271 276 -252 269 -293 270 297 296 -268 -252 284 -282 251 278 -285 253 299 265 -299 274 253 -300 -250 275 277 -262 259 -260 290 -283 -286 -271 -294 -258 265 -290 -273 260 255 -265 257 269 -289 275 -268 -291 281 -270 294 -281 280 273 257 293 -286 283 -265 292 -272 -279 282 -283 286 259 289 -296 251 267 284 -272 254 -270 -276 -290
255 293 -285 -291 284 -256 -275 -292 -299 -258 274 -290 258 -256 275 280 250 -283 -276 -267 -260 -263 293 -299 -298 294 273 -257 -253 261 -255 271 -276 -290 250 271 260 288 298 -262 283 -264 280 -298 -276 -271 300 261 295 -263 250 285 259 264 -291 -259 260 -286 287 -263 287 267 -277 -295 -260 271 278 259 -251 -296 -251 296 289 -263 269 -298 250 267 250 297 273 -277 290 300 269 -289 -276 -288 288 296
294 -255 288 284 -255 -275 -264 -270 -278 258 -251 -298 283 -262 294 -271 -250 297 280 -294 270 296 -284 267 -261 254 -298 -292 -282 -296 269 294 299 -261 280 258 262 281 273 -282 275 -251 290 286 -296 -250 295 -290 -292 285 -291 262 -262 282 -278 268 267 293 -281 268 -267 -290 -300 295 289 -284 262 -269 260 298 -286 264 262 260 -272 282 -255 -254 -254 -282 -272 -254 -257 270 253 261 -256 264 293 299
-267 -283 254 250 -262 -267 -299 -284 273 -272 256 288 -270 -273 -260 299 -264 -263 -260 256 -275 -299 252 288 298 289 262 -266 289 -297 -285 251 -269 283 262 -256 -290 -272 277 -265 -260 286 259 -269 270 297 -274 -257 271 257 273 -273 262 294 -261 295 -281 282 277 299 -282 300 283 -252 272 -255 285 -259 275 272 -253 -283 274 -277 -256 -286 -271 294 -288 275 -280 280 -287 299 -266 266 275 -297 258 295
297 277 -263 288 -283 290 -274 257 -289 263 253 293 251 293 273 -255 254 281 -278 -259 -291 262 -253 270 -264 267 285 288 -281 -278 -265 -290 275 251 265 -267 255 -290 -290 -299 291 293 287 -280 289 -285 273 -269 260 250 267 261 -285 266 294 272 -266 -280 268 -288 288 -272 275 -256 -299 268 250 -281 -267 -294 293 277 294 296 300 -285 -262 -257 -280 285 251 256 -271 -250 -288 -263 -299 252 269 276
-272 -283 274 255 -254 294 280 -289 299 -255 268 -271 -274 -256 293 -273 -270 -258 295 -273 258 -258 -294 296 -280 -295 289 -293 -279 259 294 -252 -269 -268 -286 -259 263 -273 293 -263 249 281 -286 296 -279 -278 264 -291 299 256 287 -279 -273 -259 255 -279 280 -249 268 -277 -276 277 275 -265 283 -284 288 296 -289 263 -261 293 -281 -272 -280 269 -264 -252 -293 249 -249 -270 272 -278 286 283 -261 261 277 272
293 -256 -271 -283 290 283 265 -254 285 281 286 286 263 286 260 282 260 279 -296 300 266 259 -297 289 -268 293 268 255 -280 296 -259 -300 270 -285 263 -268 -298 281 296 -301 -275 -282 -289 -287 -261 284 -281 259 276 261 262 261 -254 261 274 -283 -275 -265 264 -293 -258 -262 287 -257 -301 280 286 301 263 269 -261 251 259 -275 -256 -251 292 -259 299 -253 -268 -255 299 -271 275 -258 -258 -273 290 297
-282 -300 282 -282 296 278 -277 277 -251 -260 291 277 289 -294 252 283 263 273 -280 283 -255 -256 -294 -270 296 -287 -281 288 275 299 -299 251 275 280 -262 -251 286 277 -250 262 272 293 274 -271 -266 -271 -260 271 299 252 267 271 273 -289 -271 -299 261 -256 266 -286 -261 254 276 -255 297 253 -286 -273 292 -256 -276 284 262 294 -264 -256 -278 -261 289 275 -269 260 288 285 283 296 -297 -274 257 260
-292 -259 267 -271 273 -265 294 274 -261 -257 -252 255 -256 -275 -286 -272 269 -253 -261 -256 -286 269 -285 277 -287 303 -303 -282 -301 -274 265 262 -289 -255 256 -283 -257 264 -264 -258 253 -288 -300 252 271 -272 290 303 293 -301 -267 263 -302 293 -254 -283 287 292 -280 -267 -267 -267 -275 -281 277 270 273 -269 -252 -300 -255 301 -271 294 270 -261 -270 -299 -284 260 -300 267 -297 270 -279 -260 -260 -259 299 -283
254 -278 280 -287 -297 -290 -253 290 267 276 -255 -298 -298 -269 293 -258 -284 -297 -263 258 273 -284 302 -273 289 -271 285 -295 -262 -298 -282 290 -295 265 -256 295 288 -280 275 -264 -271 259 -288 -260 273 -254 -277 -272 272 -262 -279 283 293 259 272 299 256 266 296 -253 -299 -270 -268 -267 -283 276 -268 262 -260 -287 292 -300 -262 277 257 255 -287 255 286 -286 253 253 -293 253 260 259 270 -258 297 257
297 279 -273 266 -290 -268 258 276 -295 290 264 284 -278 -262 -252 270 -258 -283 -268 265 -249 -278 -277 281 292 -272 -291 287 -263 -254 263 257 -255 289 288 297 -281 -257 -289 284 -279 -251 290 -252 -270 -275 273 -288 292 -251 -269 -297 294 260 -269 -292 -287 275 -284 -257 257 -261 -268 288 -256 -285 252 -270 -295 -299 -252 278 -272 260 -297 -291 259 -265 264 -264 283 299 290 -279 249 272 -292 -291 -254 285
-254 258 -286 -294 270 286 264 -290 -270 -280 298 -287 286 -285 251 -270 -281 250 254 293 -251 290 295 -276 289 -256 -292 272 267 266 -288 270 -294 275 -278 -251 263 251 290 -295 296 266 264 -263 -257 -258 -260 276 -268 265 -285 293 261 273 286 -286 261 -287 270 -282 -286 -273 267 285 -263 -296 -268 279 282 -298 254 264 -265 -278 249 284 287 253 -283 282 284 269 254 279 -293 288 266 -289 -285 282
-264 275 270 -263 -288 275 -297 279 277 251 -275 251 288 -267 278 285 294 277 -254 251 268 -286 257 262 298 259 -267 -283 285 -298 -283 255 288 -260 266 -282 -276 302 -262 280 -260 -259 -287 287 -270 -299 295 278 -267 258 -293 256 253 252 -299 -268 271 272 -302 269 -267 -292 -259 -297 296 261 270 286 -301 288 -283 -256 -295 295 257 -261 -261 269 272 293 -274 -254 260 278 251 -295 -266 296 -283 -257
-280 -278 256 268 -268 -275 -255 283 274 -282 -293 259 -268 -288 -259 -284 258 280 -267 -291 -251 -268 -265 298 294 302 293 273 252 -275 -284 285 291 -255 -257 301 263 -251 296 -260 302 -283 -253 283 -255 -292 -268 263 252 278 -272 -292 -256 256 280 251 -277 -285 264 262 267 297 -301 267 270 -295 -283 -270 252 283 -255 264 254 287 -270 299 -273 275 -281 -289 -290 -255 -263 -300 -296 295 -298 259 -291 257
265 -276 267 255 294 278 287 292 284 266 -300 279 -274 -250 280 258 -265 -296 -288 283 270 296 -279 -263 298 295 -255 -286 292 252 -253 -282 -264 -269 292 273 -268 260 253 289 -277 -268 255 -291 -250 -257 -258 289 -267 -293 256 279 290 -295 282 262 274 -260 279 253 -254 289 -250 -292 280 271 -287 251 -294 292 289 -263 279 272 300 253 -300 -288 -296 257 268 -251 294 -276 -277 -279 278 272 -272 -280
-263 283 -260 253 276 250 -279 -258 264 -257 277 -275 -282 291 -295 280 269 284 271 -255 283 282 250 261 286 -264 -249 258 288 -297 -252 -259 250 -270 290 284 264 -282 -281 -291 -289 287 250 288 -279 262 290 -266 -283 -252 -273 -256 -285 293 -289 262 289 -289 -294 -283 -252 287 -296 -266 270 -274 -277 294 289 282 -286 269 293 281 -280 -291 -271 -271 277 -255 -282 253 296 280 277 252 262 295 -274 289
-251 265 -256 267 -282 -288 -299 293 259 283 296 -269 -283 -287 277 286 -294 272 -253 -279 -260 -300 296 -294 286 -287 -284 257 284 275 -276 278 -299 256 269 264 279 268 -270 -271 290 256 289 252 -279 291 -257 290 252 260 256 -254 -253 -269 256 295 -266 256 -262 -280 256 -299 -271 -280 -277 286 -258 284 -295 250 257 -269 -267 -298 -298 -250 297 -287 270 255 298 -298 284 271 285 -294 -257 277 -292 251
281 -279 271 -277 266 -278 -282 -288 266 -272 -263 -288 -263 -298 -251 -265 273 261 -264 -278 -287 -251 281 254 -256 264 -266 282 -269 -262 -276 288 281 -288 292 279 279 285 -278 -264 258 -252 -281 282 251 279 -258 293 279 280 285 258 -287 -296 251 -299 252 -294 -251 -294 255 292 -283 -252 265 262 266 -265 279 -268 250 -277 287 285 296 281 273 -295 -285 272 292 265 -283 257 264 288 293 265 -297 -296
-279 -287 276 262 -263 -252 248 -286 -266 -291 248 261 286 -258 -248 289 297 -251 284 -264 -263 -293 266 -274 -286 293 261 -264 283 275 298 -278 257 280 289 -295 294 -252 290 260 -276 -257 -287 -259 296 -264 295 -298 253 290 287 276 -268 266 -285 295 -260 284 -261 -292 260 -276 -293 280 252 273 282 285 260 273 -283 -282 -287 -292 -249 -265 -277 -297 280 278 251 265 -277 272 280 294 -269 -263 287 -249
298 286 -255 -272 299 -298 -277 269 -255 281 -301 302 -253 253 -299 -285 -266 294 281 272 -262 -271 -284 252 -287 -253 -293 -259 263 264 254 270 -295 -266 270 266 -268 291 262 -286 267 -285 266 257 256 -268 -260 -261 289 -286 -281 -261 -260 -300 -282 279 -253 280 270 272 269 302 -271 -278 266 -280 -258 286 252 296 296 280 -273 267 265 273 -277 -297 -263 -279 261 -288 -271 -300 -285 -300 -260 263 -266 -272
-274 -261 264 285 -295 -281 -272 -258 263 284 -286 -275 -264 294 -268 -275 -259 -263 -286 266 -284 268 -257 261 -280 255 -272 252 -295 256 266 268 -295 273 266 -282 -299 252 -267 -253 254 -287 272 -297 -268 303 -254 -267 302 -259 276 -278 -252 -273 -261 -289 -256 -295 264 -280 288 -261 -284 302 -263 -302 -263 266 284 286 -262 -276 -279 272 292 268 -271 -274 293 288 -283 297 -276 -291 -290 -277 286 274 -283 268
284 -281 -288 261 -282 -292 263 -296 291 268 -250 -263 -281 260 261 250 283 -290 254 256 286 257 -261 -261 -284 262 -281 271 -265 282 -255 -300 -278 296 -261 287 274 -291 -252 296 287 281 286 259 -256 -251 -255 250 -278 266 267 259 -278 -255 -280 294 294 297 -277 261 279 274 250 269 294 -296 263 298 -280 281 -257 254 275 286 266 263 276 -270 298 -293 297 289 268 278 282 280 292 282 293 272
-289 -280 -264 -251 285 -286 -265 250 -284 287 293 297 -290 -279 -286 -282 -297 287 -278 278 -251 268 295 291 250 -296 263 -295 250 258 299 -265 264 267 296 -298 -298 275 256 -252 266 -256 256 -263 -282 -261 -265 255 -281 -294 269 -295 -283 -267 296 291 -297 267 257 255 283 -279 283 257 -277 250 254 -294 -266 -277 287 280 261 293 263 279 290 -297 260 290 272 291 -257 256 -261 293 251 -269 -253 -281
-256 298 -279 262 278 -253 264 289 -260 -258 287 264 253 281 -301 287 -258 277 270 269 -299 287 -282 -267 -258 -281 277 -268 -291 272 -276 -285 -253 266 -271 278 -301 296 257 287 260 279 -274 295 296 -294 -277 251 -291 278 -263 -266 264 271 294 -252 -289 279 -294 -281 -259 -252 -253 288 -254 253 289 301 -282 -275 299 -289 256 -278 288 280 296 252 258 -260 -285 291 270 -270 -251 260 -298 -267 271 255
-273 279 259 -295 272 -291 -257 251 284 267 -261 257 -259 294 274 282 -256 -293 -289 -290 287 -268 -292 265 -267 -247 269 -262 259 -249 -286 264 282 -283 277 290 -275 258 277 -264 291 285 -289 251 289 -272 289 -285 -286 -282 267 294 292 278 255 -274 266 -294 289 288 -257 -271 269 -287 273 -288 281 290 -284 -288 -284 279 255 -295 -249 -284 -269 -268 -275 -261 -276 -256 -293 274 -271 -261 295 -282 246 -263
287 -271 -255 -299 295 289 -254 -265 266 -252 -258 274 -267 282 274 280 -263 289 253 -296 -250 283 -296 262 -280 278 260 251 -290 -283 -263 253 -289 -287 -284 -288 -285 277 265 279 -295 295 260 -258 271 271 -296 -297 -260 -274 -257 287 269 -278 -275 259 -277 -281 258 256 -289 -284 289 262 -285 -274 -286 -256 -298 283 291 -249 -291 254 -250 274 271 286 288 -254 281 298 270 274 272 -267 265 280 -292 296
279 252 -266 256 -268 -265 273 276 -277 -257 -273 -292 -270 268 -300 296 279 269 277 -288 -280 269 -281 -287 292 281 -301 -267 -256 286 255 -262 -257 -289 -255 259 254 -295 285 273 -258 299 -300 -282 285 -271 290 -293 -268 254 -275 271 275 262 285 262 272 284 -269 -283 282 268 -275 258 293 -271 289 -280 271 255 -287 -267 -269 267 -275 284 -260 264 -270 262 300 -273 -288 -277 -258 -299 -287 -298 -261 -253
-268 -256 256 -297 -296 -297 -281 -290 -282 270 290 271 -261 263 279 -262 268 -266 262 -279 256 272 -266 -257 -253 -277 280 -264 -277 279 265 -270 271 252 -293 263 273 -268 284 265 275 -288 281 288 262 -252 -275 302 -265 284 290 264 275 284 255 -280 -257 292 284 -263 -280 -278 -300 -262 281 -278 -297 272 282 286 290 292 -287 -298 269 -281 289 274 274 -279 264 274 279 -284 -278 -265 -261 256 -261 -264
275 -274 270 -260 -299 259 -300 -295 -274 -289 286 -266 291 267 251 260 267 280 -298 -277 -282 -280 264 288 293 -257 -250 295 269 284 -265 -255 268 -271 291 -297 288 294 -286 288 299 264 -295 -268 -276 -299 253 -266 265 -280 254 280 253 276 -252 -285 -287 256 298 -282 -257 261 -262 286 267 -276 278 -298 -273 -279 269 -282 -281 275 -292 -282 -268 253 -284 274 -264 -266 294 -276 -262 -257 279 -256 -270 271
268 282 -283 -269 -250 299 -258 -283 -279 -268 287 -287 -267 -284 -294 -262 -274 269 -281 276 275 273 -276 271 -283 256 275 268 264 291 296 284 261 277 268 255 -251 261 287 264 -276 -250 -265 285 -262 278 -253 279 265 263 282 253 -260 293 254 300 282 -295 298 299 -258 295 283 -296 271 274 275 288 -260 251 293 -268 -270 282 -286 292 253 284 250 293 -252 -282 263 -284 298 -273 280 296 -292 297
249 271 265 -249 253 262 -289 270 285 -265 254 259 -274 -256 292 -260 282 -268 -299 -287 -289 -273 -281 -275 -290 259 279 -296 268 -279 267 -294 289 -272 279 279 257 252 -287 -265 265 267 -287 288 -264 -268 252 -284 -272 -268 -299 286 277 -297 -273 -296 -249 269 -275 295 293 271 -286 -278 -297 -277 283 -273 -290 -294 -282 -255 -251 -258 290 -272 -251 -279 296 -286 -261 253 295 251 -254 297 -273 -287 264 297
-291 276 284 262 -296 -267 -276 283 263 252 -279 277 281 -281 251 -257 -270 -256 -295 290 -262 -261 -292 253 -294 -254 -292 261 285 277 268 -254 -265 -266 281 273 256 -275 -267 -253 -259 -256 -254 287 299 -282 281 -280 296 -279 287 290 -278 -276 290 260 -261 293 -278 -265 295 295 259 289 300 274 -286 252 274 281 -296 -286 -279 -291 268 282 254 293 258 285 -274 -250 257 280 -255 -258 259 294 275 297
-270 -276 -272 -267 -268 -273 -297 -281 280 -254 -254 -296 -298 267 -276 -277 256 -255 -257 -290 -297 298 267 296 -276 261 277 -274 299 259 272 -259 -267 -264 297 256 265 287 296 283 269 -295 252 258 -263 282 298 -266 289 -252 262 267 -292 -290 272 -289 263 299 267 -296 -289 299 273 253 250 -296 272 -298 -252 257 271 -282 -266 -253 292 -265 -261 269 -300 -296 267 -268 260 -282 286 269 279 -273 -272 -269
256 288 -260 -294 273 -257 290 -301 296 -268 271 -284 -278 294 -257 298 270 -254 266 -271 -289 -270 -285 -261 -282 -262 288 280 -290 292 -255 -299 -291 280 259 261 -279 -252 278 -286 255 -281 -265 298 -274 262 -253 300 276 301 264 258 -271 292 -295 277 300 -279 296 292 284 -260 254 294 -255 291 -258 251 -251 -295 -265 -297 283 -265 -257 288 -251 270 295 -263 -262 -267 -280 267 271 -260 258 259 292 -272
-269 -271 277 284 -271 297 -266 253 -287 298 289 -302 -281 -302 -263 293 -258 -282 -287 -259 265 -273 292 -266 263 -268 253 -272 286 -298 -259 264 256 -280 256 265 290 -283 -253 -298 -262 -282 288 295 -272 259 267 -257 -280 303 -285 274 259 253 -299 266 -256 -286 -278 -253 -255 -271 269 -254 277 302 265 -284 299 275 -276 -254 285 -296 253 -266 270 274 294 -273 300 277 -277 254 292 283 -262 254 -264 303
276 264 -249 286 290 -272 -277 283 261 -295 280 -296 -274 -284 292 256 295 -298 287 249 257 -298 -275 284 -277 -282 -266 -295 282 -295 276 255 -273 275 -271 262 286 286 -276 -282 258 -258 283 -269 -295 -292 294 -292 -297 255 286 -278 -254 -250 278 256 278 251 260 268 289 291 -278 -248 251 287 283 -257 -251 -297 -251 257 -268 -292 -263 259 250 254 -284 -298 261 286 248 280 -284 -258 -296 260 -282 296
-262 261 -295 -294 -294 -288 295 -287 253 263 302 -253 -274 270 255 -257 263 268 277 262 -265 -253 -303 272 -291 261 -267 261 302 299 -281 255 -269 299 292 270 281 293 -262 270 267 302 291 266 270 -289 -298 255 286 264 -256 291 261 -265 -294 284 -279 -300 280 268 276 288 259 -268 257 286 -253 300 -269 -257 298 -275 -259 253 255 258 265 -280 253 -291 294 270 296 -296 -267 257 -275 -267 -272 -271
250 258 254 -278 -296 -296 274 268 -290 252 276 252 262 -275 -254 284 -276 -250 280 -269 273 -258 270 -300 273 -274 -292 -287 259 278 -257 -251 253 -258 -252 288 298 255 -288 -250 -298 -275 276 286 287 -288 -290 -284 -290 285 -282 -275 -300 -296 282 -282 283 -282 -291 278 282 -259 -298 278 -276 257 -253 261 297 273 271 263 260 -297 288 -280 -299 -281 -278 283 263 255 282 291 -263 -290 256 252 288 276
-298 -294 -258 265 -288 -276 -274 -290 -292 -248 273 -252 -293 252 279 -271 -290 -258 254 287 286 -275 252 -267 286 -263 258 271 289 272 -273 -292 -263 270 258 -289 296 259 -291 -267 282 -286 278 -295 -278 -254 264 254 269 -291 -263 -288 273 257 -262 269 269 -261 298 -271 289 -253 -269 286 269 -265 293 290 289 255 289 289 -269 -293 -278 -286 277 -261 270 281 291 266 263 277 298 -272 -249 294 -293 -265
249 262 262 271 275 -291 -258 -265 -279 -275 -253 288 294 297 278 -267 276 -252 263 -261 265 -264 -257 -268 -290 297 -281 -264 -297 272 279 290 296 -282 -258 -296 297 262 272 -283 273 -296 270 -269 -292 -268 -260 273 -269 -296 285 -281 271 261 -257 -279 -282 292 -247 267 -271 264 270 288 265 -259 270 -293 -276 -295 297 -267 -283 -292 -286 257 -288 -255 -271 -280 280 279 -260 -275 -263 -266 -265 -286 283 -278
-285 -299 271 -280 294 296 258 -292 263 270 -261 280 255 294 266 262 -272 -299 -294 -292 274 -250 -272 -283 261 276 280 -249 -260 -264 259 256 -257 285 293 -290 279 252 -283 261 279 -279 285 285 253 -263 278 270 -259 -274 -276 252 -253 -284 -278 297 -292 263 258 276 282 -294 286 283 299 293 -284 271 270 280 -281 261 296 290 -277 252 251 277 296 -284 288 -253 -261 -258 -264 271 -290 -260 -281 -284
