50 50
-281 283 -249 251 275 -271 267 293 -251 -290 -258 -271 262 -276 -247 -292 291 266 286 276 -289 -281 263 -251 -274 265 -287 244 282 251 291 -264 269 -273 278 -277 271 -281 -288 256 279 266 -276 -264 281 -290 248 -292 -274 -273
250 -294 255 -260 -299 283 284 -250 268 278 -280 -267 249 293 -250 -298 -264 261 -272 -262 -272 -254 -250 259 -281 298 -279 -257 -258 -273 -263 -269 278 286 -258 277 268 296 -259 -282 -267 -296 272 267 280 -264 283 -295 -259 275
251 271 -265 272 266 276 -270 290 264 297 296 288 -260 277 -278 290 259 -261 -267 265 285 281 251 249 -259 262 270 298 282 -268 298 255 -279 -287 254 287 -257 290 284 -264 253 295 -277 -269 248 -274 253 263 281 -266
263 258 -288 -285 255 263 294 261 275 287 259 -268 -264 -283 -287 -257 -267 261 -250 245 -279 -252 -245 267 -261 -261 273 -292 264 281 290 260 -282 288 -282 -280 279 -276 289 279 267 252 280 -277 -276 284 290 260 -288 292
-270 274 270 296 261 281 -250 -284 295 -290 261 -291 253 280 263 286 281 284 -268 -263 249 252 251 -275 249 -296 269 276 278 270 -262 265 -290 282 286 -272 281 -254 248 267 259 -278 -268 -290 290 254 249 296 -265 283
275 292 249 -261 260 -285 293 290 -287 293 265 285 291 -251 262 261 291 -278 295 257 -257 266 297 -292 -257 258 -268 274 -287 -268 -248 281 -249 264 -273 250 -269 -296 252 286 277 -286 -269 258 267 -256 280 -274 265 -262
294 -249 -265 289 -256 -260 285 -274 270 291 -258 251 -269 -266 291 267 279 282 -286 289 -259 267 -296 289 -250 -256 -299 258 -272 268 -264 296 270 -251 252 -264 -274 266 -265 258 -284 270 -267 286 -256 260 -290 266 -294 297
-269 257 293 291 294 290 272 -276 253 255 -268 -253 290 259 -273 248 -262 -277 -279 279 -270 -253 -274 -268 270 -253 -289 -281 270 -257 -250 -266 266 267 -290 -254 292 287 -284 -293 -271 -259 267 265 -290 -290 -265 274 -295 261
259 -259 -274 250 294 -286 -247 293 -290 272 250 -263 275 -251 -269 -258 -295 292 -279 292 250 -280 -271 268 248 290 -265 -293 -269 -292 253 -257 275 -281 251 271 -273 -295 -278 -262 -277 260 268 272 280 -283 266 -293 -252 289
-273 -265 -280 -252 249 -258 260 -283 -283 252 -283 -296 255 -289 -263 -267 288 -252 -295 252 -276 296 248 -273 292 -258 -274 -251 -294 -273 254 285 -283 291 253 286 296 -261 -259 -255 -290 -264 271 -282 260 296 253 -272 -291 -288
-280 -265 -289 -284 -277 -284 266 251 253 266 -253 276 278 284 -282 -249 -282 -273 291 271 264 257 268 288 258 290 288 280 248 -260 292 -253 249 -267 268 273 -280 -287 -279 -255 -291 248 -278 287 -260 -273 266 276 -292 280
-259 263 -253 -264 280 283 271 -265 -288 265 -263 -276 272 -277 -259 290 -272 278 293 251 -265 285 -260 -277 -253 283 262 -299 -264 -253 256 -290 -299 283 -297 -279 -258 -270 274 293 -283 282 -260 266 267 267 -277 -274 -255 280
-274 -262 -259 295 268 -291 272 257 278 -274 -268 288 -266 258 294 296 262 257 266 281 264 -276 -264 284 -285 289 -255 258 -249 260 -270 282 264 -293 272 -282 287 290 291 -254 -268 279 -296 249 -251 -287 260 263 -249 266
290 -272 -261 278 284 262 277 -271 -263 251 -250 -278 248 291 -269 -260 261 -271 267 290 -271 279 -280 287 247 -283 -276 288 249 -250 250 293 277 262 291 280 -290 -273 -289 282 -250 267 280 -268 292 265 291 269 -261 -278
-279 249 -293 294 -248 281 286 -289 282 276 249 -273 -245 -286 -260 275 -287 281 -278 283 276 -260 -287 -264 272 275 -250 -266 -245 282 291 279 278 281 258 -247 284 -291 -273 288 -278 277 267 -250 -264 -278 -283 252 273 -245
-253 -285 253 -253 294 290 -288 -262 247 250 -264 278 -283 -260 -258 -265 -280 -251 293 -288 278 296 -271 -281 -293 -294 283 295 280 276 261 252 268 -247 -252 258 -249 285 -268 296 -288 281 268 -267 -291 -250 -274 -287 -247 -279
-264 -253 269 263 -300 -300 271 260 254 -252 299 -281 -287 -273 302 279 -279 -280 -275 258 -262 -262 -255 290 -261 261 -261 -253 -266 -256 -265 -266 -262 254 -271 260 256 -288 277 266 -261 272 278 -296 289 -272 -285 -282 300 294
-263 -294 285 270 250 -282 -255 286 276 297 -286 262 -287 -294 -269 300 -272 -253 252 -273 -253 293 284 257 -253 265 -300 -300 -275 -264 253 -283 -259 -276 -293 -250 273 -263 -292 -260 -253 -253 -254 -264 270 -256 -287 -298 -251 267
-289 -263 -255 265 -294 -275 254 250 -256 252 -284 -274 259 264 286 298 253 294 -252 268 -270 -258 294 298 -250 258 269 -275 -294 280 -279 -260 -268 281 -296 253 271 -263 261 257 277 -290 263 285 -288 297 290 -285 -252 -272
-249 271 -269 -264 282 279 -282 -292 276 -281 -278 -287 259 -260 291 275 277 292 270 -273 267 260 -260 289 261 264 252 -277 275 -280 -286 -286 -292 287 267 252 268 262 287 260 271 -261 279 275 272 257 -250 272 272 271
-292 260 -273 281 285 -261 288 -296 287 -262 287 254 283 -279 269 -282 -278 292 260 -271 -265 -277 -278 -255 -278 273 -262 -250 273 250 256 -269 281 -250 -268 -290 286 280 296 278 -274 -264 260 -275 275 252 -272 262 282 258
266 -287 260 -289 -283 -292 -279 283 -259 -267 250 273 255 285 -250 -277 -253 -275 269 -268 251 245 279 279 -291 -286 293 273 271 -279 -289 281 266 -264 -260 -281 253 285 272 265 -286 -274 -293 -245 280 248 -260 -277 279 293
265 -278 251 -299 -250 -265 -286 -280 293 258 269 275 290 -300 -272 268 285 -258 264 -284 294 -272 285 256 -257 -286 272 -282 -267 -270 -256 -270 -258 283 298 -271 -252 267 -273 283 -279 283 259 252 -256 294 261 -268 -256 -260
-274 -245 -258 -281 -285 268 -294 284 -290 249 -294 286 -292 -251 -262 260 -259 274 253 291 -274 -276 -281 -246 265 270 -285 273 -285 -287 -281 -281 -260 280 266 248 264 -274 -252 -256 -277 289 278 267 290 -287 261 -274 287 -251
287 -297 265 287 -251 256 -279 -292 -289 -269 277 -260 255 296 261 265 254 291 -274 -256 285 258 -261 -256 250 -281 255 -291 -270 -258 271 297 257 287 272 -290 -253 -262 -261 -273 264 -282 298 257 284 268 277 -278 284 -269
-277 -260 247 283 259 -252 -271 -280 287 270 -264 276 254 -279 275 -269 280 295 -246 276 294 259 273 259 -295 -288 276 247 288 -288 -288 -260 274 246 -251 -275 286 -290 261 -263 269 -269 288 269 287 -250 281 -293 275 -269
-272 256 270 -284 -289 277 267 -250 270 -255 -296 269 -273 256 271 -274 283 256 -277 258 -272 286 -294 -271 -286 269 269 293 -258 -254 265 -284 -292 -294 276 292 268 273 296 -250 -271 283 272 -259 -261 249 -266 256 -247 -297
270 278 261 272 -273 -253 251 255 -278 -295 -252 255 253 -252 -272 -257 267 -273 293 273 -261 295 263 262 -290 -269 -260 -266 -276 -284 288 258 -276 289 -278 296 -283 -298 -292 270 264 -295 -254 -268 291 -292 -265 -278 -273 -260
-299 273 -250 -256 267 292 257 295 -257 -266 -276 262 -269 -253 298 -271 -258 292 -267 -273 -274 252 -295 294 -252 293 -249 -260 -260 269 268 297 -268 266 -275 -276 -269 249 259 -276 -284 -284 253 293 291 -285 259 -266 273 -290
262 -287 -256 262 256 292 -251 -291 271 -288 255 271 263 -261 266 267 -274 287 292 283 249 -268 -285 287 -282 -269 276 292 250 295 294 -281 -289 293 -295 253 -276 -276 -271 276 271 -262 261 -274 253 -253 -268 -267 -250 -254
-297 -272 -281 -291 -250 290 -279 289 -254 265 284 -276 -262 251 -285 -266 280 -284 -248 271 -294 284 269 -297 -290 264 -248 -271 -298 -253 -279 -282 -256 -275 -257 -253 -294 260 250 -248 249 -271 -294 261 -291 -293 -273 263 -248 275
288 258 274 -290 -291 259 263 253 -282 -254 -287 -247 -252 245 264 -260 246 -275 -260 -277 -279 -291 260 276 291 275 275 -281 -264 265 279 273 285 284 266 -254 250 291 -286 276 -283 284 285 -266 281 -267 -286 -286 -280 272
291 -266 -290 -279 252 -292 281 -249 259 -251 -283 -290 258 -256 263 -292 290 -266 253 -263 -273 285 259 291 251 292 -292 294 286 291 261 -249 -258 -280 -273 -258 -267 287 281 285 255 -268 -259 248 -279 -280 258 274 257 287
-283 -274 -274 -293 -266 275 280 -284 291 -270 292 -257 263 256 293 -285 -260 280 -253 -270 -262 -264 261 -280 251 259 -251 -260 274 281 278 -272 -262 -262 -286 279 -260 -291 259 -266 -293 253 280 282 256 -270 287 -276 -286 -279
-275 291 265 -288 -287 257 285 259 -279 -276 245 248 257 -267 288 286 -245 -294 289 -286 282 263 292 260 254 -288 -276 -251 -286 -260 -253 -253 -283 261 278 285 -294 -255 -261 278 283 249 -273 -289 -262 289 281 -255 262 288
270 297 -252 -276 -298 -264 253 292 -251 -288 263 -270 -285 -292 -261 290 -269 -268 288 273 -290 271 278 -252 268 255 -262 272 250 290 -268 -259 286 -268 -258 -273 265 296 272 260 268 266 -267 -249 280 -294 -281 -274 279 -249
291 -282 291 -265 250 293 291 -260 262 -285 283 251 246 -293 249 245 -281 -255 264 256 247 248 -291 -279 244 -268 282 278 290 -261 -261 293 282 -280 258 -265 -248 250 -289 -268 -282 290 273 291 290 245 281 -291 290 -290
259 271 288 276 264 -256 247 -292 269 -287 -264 283 -294 -278 279 -269 287 280 261 281 270 248 293 294 287 -284 294 259 -275 -276 272 294 -263 269 274 268 -282 -286 252 280 -268 256 253 -283 272 254 -261 -245 -248 -265
248 255 252 -276 295 -259 295 -282 -255 -274 285 -295 272 288 247 263 262 -272 -292 -252 -273 -291 286 294 271 277 -255 259 265 -251 266 286 286 -249 -258 247 -288 277 -279 -261 -289 272 282 -257 252 287 277 -279 -289 -289
-274 -257 -252 250 -267 251 -267 298 268 250 -269 257 -276 -295 -296 -282 252 -256 259 -288 -266 -286 253 287 -262 -281 -286 -297 268 -283 -251 -258 -274 -298 -291 268 258 -276 252 -289 280 -264 -297 256 278 297 -296 260 269 275
276 292 294 -274 260 296 -247 -290 -294 296 -247 -276 -267 -268 -289 -259 -276 -260 256 -278 -269 -285 -247 -261 277 276 248 -273 -272 291 296 247 253 275 -290 -260 270 282 -263 281 271 279 -258 265 -271 253 -277 257 275 -282
-251 275 288 276 253 253 -291 -295 -286 -266 -287 271 -291 281 291 -263 -267 285 266 -299 279 -265 -262 -250 -268 296 -275 -291 -273 256 -261 294 -259 -275 299 285 -256 260 -255 -273 -272 253 -286 252 -252 -278 253 255 266 -278
247 -250 255 -273 268 269 -263 257 -286 282 254 -285 -289 288 -259 263 258 247 253 294 -291 -275 265 -288 272 260 264 -259 290 -294 -295 263 281 -282 -260 251 269 276 -279 -289 279 -290 -279 284 247 284 -267 291 252 291
283 -277 268 295 259 264 271 -261 -248 266 -262 276 -297 265 272 260 256 -251 260 -295 249 -280 -266 -283 -288 -297 -286 251 265 -250 273 -267 -259 280 -283 -294 -275 274 -290 275 261 -292 -276 -258 -297 -263 285 -256 273 -278
296 285 -259 -276 290 -253 271 -290 -249 295 287 298 298 261 289 283 251 -261 -252 277 256 -268 -261 250 -265 288 -293 248 -265 272 -281 251 293 -288 -262 -257 -272 291 271 -261 252 270 248 -266 -291 -277 -255 -292 -251 286
262 275 261 -259 -294 -271 -269 -290 -258 288 274 -253 -287 261 -259 259 -297 288 -248 254 -281 259 -257 271 -288 277 285 -279 -269 274 -289 272 274 -261 -291 -292 273 247 -261 -254 -296 -285 266 -270 276 -293 263 259 -280 252
269 -255 283 263 277 -291 -271 -250 288 -273 266 250 273 267 293 272 274 -268 -289 -253 -282 273 -289 261 -262 249 268 -294 -274 -281 283 -272 292 -254 -283 -263 270 -249 291 294 -260 -261 254 258 250 -292 283 -287 -258 -288
285 -290 -284 258 -265 253 257 273 -298 -288 -277 258 -255 -298 -251 -260 -266 274 292 -266 281 -286 287 253 269 -255 256 -283 -274 260 293 267 -261 284 -258 -290 285 -253 -271 -272 -287 -250 -254 -284 -273 -291 -252 288 258 274
294 -288 -254 -256 278 282 -273 278 -261 -293 -276 -263 -292 261 254 276 -292 249 254 -275 -263 246 249 -278 264 252 253 294 292 -270 -275 -258 -279 -269 -270 272 -271 292 294 -292 282 265 -264 -285 278 -274 273 272 283 250
294 -295 -249 284 253 -253 -272 251 249 274 294 250 264 -266 -272 279 283 255 -269 248 -264 -274 268 278 282 262 249 -274 248 290 283 290 270 288 290 295 247 -280 270 271 -296 296 -264 -258 -274 -291 294 255 275 -289
