70 70
-257 282 -285 -264 258 -257 296 -263 275 -269 258 -281 -275 272 -253 -261 -269 295 -263 283 256 254 273 253 -256 262 -269 -292 253 260 263 264 -284 -267 280 -285 -285 -275 268 -287 283 270 -301 -281 277 -301 264 282 -277 275 266 -268 264 -271 276 261 -269 254 290 -281 297 297 295 -270 -280 -265 276 293 -263 299
-259 259 -263 -294 266 253 -281 -258 -283 278 -250 296 266 -276 -287 -250 -293 258 267 -293 251 -291 -259 -268 276 -297 -270 275 -249 267 -270 -295 277 -290 274 -249 -263 -291 279 269 288 293 -296 250 -282 -286 290 297 255 -260 255 280 -294 256 271 -271 264 -288 -253 -283 282 -297 -259 -279 248 -293 -295 -293 247 -270
252 291 258 -271 -291 259 269 290 289 -267 -258 -289 -278 258 268 295 -295 -271 -252 -291 290 258 -266 -267 251 -266 253 282 -251 299 291 -268 256 -274 293 -282 -265 296 254 300 -281 -256 -274 -295 -283 -281 -260 266 291 -263 259 258 288 298 264 -281 266 -284 -269 -261 -284 -254 -286 268 -273 282 273 252 279 287
-254 267 -283 283 262 -283 -291 280 252 253 -260 -282 285 -293 -276 -261 -288 276 261 -293 -289 288 -289 -280 294 -272 277 -266 257 -259 288 247 260 -256 -282 -252 -293 282 293 295 -275 -259 287 253 -251 -261 276 274 -290 276 -291 -269 -279 -264 263 -295 285 277 -281 290 257 -250 267 273 -252 250 281 287 -265 -266
297 -278 -291 -277 270 282 -271 259 -293 -294 272 -264 274 -284 281 268 -294 252 284 -294 260 286 287 260 258 -266 258 255 259 287 297 -288 -283 -263 -283 -257 -251 257 268 285 -292 -281 282 -296 -263 -262 -251 -261 291 -259 270 -292 274 253 252 297 268 -252 -267 256 272 -282 268 -277 290 275 287 265 -251 -255
261 -268 -278 281 -247 -269 285 257 -284 -288 282 272 256 -249 291 274 287 294 -287 -266 262 -281 251 248 -288 -262 -257 267 288 268 -270 260 -286 246 -277 -279 -266 -294 -263 -286 -272 -285 267 -273 -251 -269 295 -287 292 294 285 275 -247 260 288 293 283 -294 -262 -294 -271 -289 257 -255 -266 -284 248 261 286 291
272 -260 262 -297 253 273 -268 268 255 -293 -292 -285 -278 266 254 250 265 287 275 -252 -271 -258 -274 278 269 288 298 -264 258 -283 290 -259 -268 -275 270 -284 -289 283 267 -255 -288 -276 -271 261 294 278 257 290 258 279 -268 -300 -275 -267 -300 257 289 -254 -252 287 278 -278 -256 255 -282 286 -260 -269 297 -286
295 270 -275 -294 263 282 -283 -292 -290 -275 -285 260 251 258 290 250 -283 -281 283 -291 -258 278 273 267 -267 272 254 -255 260 -269 -284 275 280 276 292 258 -266 -257 279 -277 267 -285 284 -268 260 272 -269 262 -290 -266 293 -286 -276 -251 286 -263 -253 276 -280 281 295 -280 -281 -272 293 -256 -285 -286 253 -252
-297 255 -257 -293 -277 -271 -261 -251 280 267 -251 267 261 294 276 -254 -263 284 -277 282 273 281 -288 -251 285 266 -299 283 -268 284 278 -296 251 263 -264 291 299 255 -297 256 -286 -258 254 297 -284 298 -270 279 -268 272 -256 278 -254 252 259 -284 251 294 -265 254 276 -286 -297 297 -257 -262 287 -296 -263 -262
-290 -264 252 -279 -259 264 -268 -253 263 258 263 288 -291 290 283 -272 -291 -281 270 249 -287 268 264 -250 -258 -261 251 297 -297 268 -292 267 -265 -279 290 292 296 291 263 -281 260 295 265 289 290 -264 -282 -263 293 270 -264 -249 -279 -268 -269 260 -279 -297 -281 -263 256 -295 298 -279 272 -252 268 249 -270 255
292 270 254 274 300 283 -266 256 -256 277 298 -295 -260 274 -283 -258 283 -276 -275 264 258 -291 299 -265 251 -263 -300 268 -251 -277 253 -290 -281 -255 -251 278 -290 -280 -258 -289 269 261 275 269 -281 256 300 282 -288 294 287 279 276 -255 288 -257 -251 260 -286 -279 -257 286 271 -261 269 290 258 286 -266 -282
-287 -285 293 -249 -275 251 -280 268 280 -262 -272 260 253 -285 254 -295 286 267 281 -293 290 -286 -272 270 -253 277 251 -285 -292 -259 -292 287 278 -279 -295 -276 289 275 271 292 287 286 266 -267 257 289 263 293 -295 262 271 -260 -285 -283 -249 255 -268 -274 256 256 -270 259 -265 -258 292 288 279 -250 263 278
-275 270 269 249 -261 -250 -285 259 264 -282 -257 -273 282 279 -290 282 268 295 -275 252 263 279 -275 -256 -260 -265 -278 267 -287 -260 278 -294 282 283 -250 292 -249 297 290 -296 284 -282 283 -258 -276 266 291 -286 -267 284 278 -254 297 297 -261 -295 255 258 -261 294 292 292 252 -296 257 291 254 264 -256 -267
280 289 -278 -268 290 265 273 -251 -270 -253 -294 266 277 -281 261 261 -261 -274 263 -296 -264 -269 -252 290 267 279 294 -284 290 -264 -280 249 -297 -261 274 262 -278 -266 -291 285 251 264 -249 -282 267 280 292 266 -253 -251 -270 -283 -264 292 -297 265 267 249 -286 -295 -261 280 -285 263 282 288 -290 -289 272 -256
256 286 290 287 -292 -263 -295 269 260 263 290 287 289 -293 -252 -280 268 258 -265 -252 -263 -291 -295 -252 -264 292 -266 251 266 -287 292 -284 -258 297 -254 -283 279 -252 262 -263 -297 -255 272 265 -254 -266 -258 260 -254 262 -269 -280 270 -291 279 -261 -279 269 -259 301 -272 299 275 286 -293 262 284 -297 -285 268
286 268 291 -296 -264 -253 260 275 293 -295 287 -293 291 -259 -285 -283 260 272 292 284 251 -284 285 286 -266 285 254 -257 -267 -247 292 259 -295 -258 273 274 -264 259 -248 -290 295 273 -277 -266 256 -285 -256 -282 -260 289 -254 270 278 250 -296 257 -284 -249 275 -271 -258 -279 285 -294 -291 265 281 275 247 251
262 -278 280 280 290 296 -282 296 -275 284 -275 270 -251 254 -270 286 296 283 -265 295 257 -264 256 280 280 251 -279 286 -281 -254 284 272 261 251 294 -283 266 274 266 -279 255 267 266 -266 286 -287 -281 -258 -269 -250 -270 298 283 -249 -260 263 -290 -266 -272 259 260 -279 285 298 270 290 -272 -279 259 -260
-294 -266 301 290 264 -257 -251 254 -278 -252 287 283 -261 -263 256 259 263 258 271 270 266 285 298 -261 -272 -301 298 279 288 -296 256 291 -270 300 -251 270 -272 257 284 301 -266 -256 292 -287 -290 256 287 257 280 260 -280 268 -293 -287 259 288 296 -253 270 278 -264 264 251 271 -271 252 255 280 -298 -261
-260 299 270 -297 -272 260 -296 -284 263 -260 -262 -291 -294 255 -258 274 262 -282 265 281 -298 -261 -249 -273 -293 277 256 273 -283 257 265 289 250 289 266 -292 260 274 -298 249 255 297 298 273 -281 263 -267 -267 -286 -295 285 252 258 -270 264 284 271 -275 250 -288 -284 -252 -283 -273 265 -279 -252 252 -278 299
-285 -261 267 -257 268 -251 276 286 282 -274 -263 298 258 253 -298 -248 267 254 -282 289 -264 -248 272 287 -297 257 -295 276 -261 -272 264 261 -259 277 265 -292 -286 -268 -297 251 -271 248 287 -252 -290 250 284 268 -279 298 -263 259 -291 -263 267 -290 -294 284 268 -291 -270 276 -268 -281 262 -277 276 270 -294 290
277 283 -265 -260 -246 -280 293 -291 253 -277 249 281 -269 -271 -284 294 293 -263 -278 295 -292 270 275 -269 -293 261 -278 -272 -251 291 258 -271 264 290 254 -248 -293 -285 -249 -281 286 285 -276 -246 -261 -254 289 252 285 265 -283 -265 -276 248 268 294 290 264 -294 -264 -253 -276 -291 276 279 259 -292 258 -276 294
273 290 270 -286 285 262 -252 -254 293 -251 -298 -295 295 249 -268 -276 283 -262 -288 -265 -262 258 -294 267 -252 -252 280 -270 267 -290 -290 -256 -263 -278 -283 -263 292 -265 -294 275 -251 -293 248 294 273 297 -251 -296 -259 -254 -283 -260 292 -257 -287 261 -276 -267 271 -288 293 -294 -295 258 -273 276 -283 -279 249 261
-282 -286 -263 -258 -254 -258 270 -250 258 289 -283 -299 -256 262 289 284 -260 -284 255 -257 258 296 -282 258 268 293 -261 261 267 294 -249 -296 -249 -274 -262 276 262 -264 279 -284 260 -257 -293 287 -255 249 277 -262 -289 280 -297 274 275 274 -294 -290 -251 297 -293 -296 292 -276 -262 290 275 -291 285 -278 -278 255
-270 -287 260 -258 278 253 269 274 260 261 -295 -266 -295 -273 -253 259 299 -271 -297 -281 -287 265 -265 257 -276 258 259 -301 -257 -263 -257 276 -269 -293 283 266 -295 260 291 265 -278 277 280 -276 260 -261 -299 -264 -292 -282 -282 -260 -255 -282 299 -286 276 -253 -279 302 -254 -293 285 263 261 -254 -261 -300 -268 -267
-283 280 -286 288 -264 -269 -281 -271 -296 294 -258 278 -272 -291 -289 262 -268 292 -290 -261 260 -298 257 260 259 -279 -271 -273 -281 290 -261 272 -279 -290 -295 292 -269 263 268 -263 -261 282 -258 -280 256 258 280 -279 256 262 265 -257 -249 268 -286 284 293 284 261 -278 -264 -276 270 -269 289 -268 296 -268 -266 252
-291 -269 -254 -287 259 259 288 -275 283 262 250 271 -297 299 268 266 -264 -263 276 -261 297 281 277 277 -260 -276 -260 -254 283 -275 -293 266 271 291 279 -260 273 -289 -250 -270 271 -283 264 -278 260 253 285 289 283 -256 -252 -273 270 270 -266 -262 -299 -268 264 297 -285 -254 -291 -291 -254 -282 -263 -294 271 286
272 -248 292 -254 256 297 -254 259 -250 -260 -259 269 265 -261 269 252 -262 -271 -253 -287 253 -276 -258 252 -273 -298 -286 248 295 294 -260 271 -264 290 -295 -295 -288 -271 -284 -287 -248 -262 290 -275 -296 -295 253 251 287 271 -263 -298 -273 288 -262 -251 -283 283 290 -290 293 -292 -295 -273 274 261 -290 286 -283 257
263 247 -290 -257 297 256 -247 -285 285 275 267 -250 -259 269 -273 -270 -297 276 288 -269 -287 -287 275 -270 -262 -297 296 288 268 -291 -291 -251 280 251 259 -296 -251 -278 -283 -264 -290 252 262 266 -280 289 -297 -296 -279 280 290 248 287 285 -251 286 276 -251 281 262 -272 286 -278 -277 271 275 257 259 -287 -250
-274 250 -284 264 275 286 -268 -249 -287 -275 -287 -295 -281 -298 -276 251 -291 260 282 281 251 -258 267 -265 -294 -262 295 -282 255 -272 -261 262 279 -261 291 251 -287 -299 256 293 -297 -255 -256 -267 -249 -294 -277 257 -284 -299 256 -276 -252 -268 -262 279 -282 284 -258 -272 -293 -299 -254 -299 270 292 -252 -282 -275 279
-288 271 -277 274 262 293 260 -253 -286 265 -285 -265 -281 -250 -267 293 -285 285 298 -281 -252 -291 -285 -273 261 -256 277 294 294 277 -251 270 -294 265 -266 -256 284 -253 254 264 -297 -269 -283 254 292 -297 282 -289 258 287 -277 277 271 -254 -252 273 278 -283 -296 -282 -251 269 -254 281 -259 267 -274 -253 -271 -288
294 -254 -287 -289 278 -277 -258 -278 -286 -279 269 -266 -279 250 281 -264 262 -289 -272 277 296 -256 285 269 284 296 280 250 283 -258 251 251 276 277 289 247 -285 -263 285 -262 256 281 296 -253 -263 251 -276 -291 277 274 293 -248 -250 287 272 -253 294 -248 277 289 293 289 263 261 -277 272 275 293 -268 -285
296 -276 -284 290 259 248 -258 -289 264 285 271 273 -275 -250 274 276 293 -295 -286 281 248 247 -274 -277 -295 -289 280 286 -268 -277 -257 276 -248 266 -248 274 294 -284 283 289 -291 -273 250 -282 -271 -280 -256 -269 258 267 251 288 -256 290 256 257 293 -283 -247 285 266 290 -264 -277 -274 276 -263 -291 294 261
-256 -278 -257 -267 253 286 -270 -270 263 296 276 253 256 -282 267 279 258 -256 -257 273 -253 296 275 -254 263 -271 -270 291 265 277 300 256 271 297 -295 296 290 -271 -290 290 300 -265 298 272 -271 289 254 -259 -256 -257 -297 267 -284 272 -255 268 252 -298 -274 -293 -274 253 -284 -290 265 257 267 -303 -281 -260
-279 -289 -250 261 -285 250 -291 -286 279 280 262 -273 -284 -259 281 -289 -285 288 274 -274 276 285 251 -258 252 -269 -286 256 -269 -286 270 280 268 291 270 -248 -252 255 283 -273 277 -275 298 -296 -267 -269 -279 -275 -267 -288 291 -281 249 248 292 258 265 -282 -291 297 -267 -253 -280 -249 -259 -278 -280 -293 -289 -261
-296 295 249 294 -275 -272 297 -281 -296 -252 282 261 -260 -250 -289 -283 277 -273 -298 265 -258 261 290 278 -252 255 -264 289 256 -265 294 -264 -252 254 -278 275 295 -296 260 -272 -250 -291 -266 -259 278 290 -292 290 293 -249 269 261 275 -268 257 282 -276 -293 -298 293 251 -251 264 -278 -278 268 -283 256 276 251
281 293 256 298 -270 265 -267 -278 251 254 299 289 -264 275 -252 251 -260 288 -282 -276 262 264 285 268 -284 258 -271 -257 -256 258 -289 -262 252 281 -269 261 -288 265 -269 255 -251 -265 288 -259 -299 254 -301 263 258 264 -285 296 275 -300 263 287 272 -292 286 -289 270 -277 -301 -271 -262 301 -301 256 -291 258
-278 279 268 -275 282 290 285 285 -253 -281 -254 -264 -279 257 270 -259 249 -289 -265 -283 258 -291 271 -274 -254 250 281 261 -254 294 296 -255 -273 -253 -260 263 275 257 -261 -271 291 -293 -290 -286 -297 293 -260 281 -269 295 -288 266 287 274 -293 -263 -270 -253 -298 293 -279 284 290 -257 273 270 -284 -283 -257 -249
-258 -264 -268 300 257 -251 -262 278 -288 -266 -267 -294 257 297 -255 251 -262 266 278 -283 -273 279 -280 -256 277 283 -259 -294 278 300 264 -289 -280 256 254 273 290 -266 271 -265 262 264 267 276 299 -264 298 271 -272 288 263 -258 296 -262 292 -264 -281 -293 -271 -290 264 281 265 -294 264 250 254 296 290 -285
-266 -266 -278 -290 -270 -299 -250 -275 -299 260 -272 275 -269 299 297 287 256 -279 272 -271 -275 281 261 -281 -259 -295 -254 -272 -269 290 -263 -288 268 -259 292 -274 -265 -257 257 -251 -254 252 -260 -292 -259 -294 -250 265 294 -297 293 268 280 259 -295 296 272 279 259 249 -278 -290 -289 -258 256 279 -273 255 -277 -274
283 -267 -263 -269 275 -267 259 -285 -297 -292 271 -276 247 247 295 278 271 289 -284 284 -293 -271 -283 290 -268 -262 -293 -270 -253 265 288 255 -285 -249 288 275 -266 282 263 275 -270 -286 -263 -285 266 -258 -257 -292 -274 270 250 -287 292 257 -281 -248 265 -291 -269 -266 -293 285 -267 253 271 -266 269 -289 283 -285
-262 270 276 252 285 -253 280 -267 288 295 -259 274 268 257 -279 -276 -261 254 280 270 -295 -251 273 257 -252 259 294 -274 -299 270 -276 272 290 256 -290 -291 -255 -274 286 295 -258 -264 271 -252 274 263 -255 300 257 -299 -275 295 -280 264 262 -299 281 -265 287 289 269 294 -279 290 267 262 -286 -290 -273 270
295 293 285 -263 268 257 294 -296 -278 -291 284 -259 -271 -269 -295 260 -262 -257 -249 291 -280 284 -292 291 286 274 -268 -258 275 291 -261 -298 -261 259 274 -284 268 253 274 278 255 -268 -252 -286 -262 -267 -266 -266 -266 -288 287 -254 278 -261 297 264 -248 259 -275 -296 295 249 286 251 -254 289 -285 -261 -294 270
-293 251 294 -255 283 271 255 -279 275 270 288 273 -296 265 284 269 263 261 -251 260 261 270 -264 269 287 278 -278 257 -261 -280 271 -266 -290 296 -253 -266 260 -272 -285 270 278 -269 -256 295 -261 284 259 282 -276 298 267 -285 -252 -263 270 -275 -298 -288 296 292 290 280 -263 -266 297 -298 -248 -262 -269 284
258 290 -259 293 -273 285 -279 -298 -279 -288 297 -288 287 -248 260 257 272 -249 286 287 289 -278 -281 266 297 -254 -261 256 273 282 282 278 269 278 283 292 -264 250 -287 -271 -257 -255 273 248 272 -279 265 256 -272 277 284 269 -282 -270 -264 298 -293 -277 -293 -259 259 255 249 -261 296 248 -270 -291 -276 266
-294 288 278 -252 295 -266 -288 262 273 270 -267 -292 -275 -283 248 274 298 267 255 -250 277 -255 260 -279 -269 286 -284 -257 -277 280 -255 -259 -288 -286 -296 297 -291 273 -254 279 -297 -282 -270 260 248 -249 298 248 -270 255 -274 -283 -288 267 274 276 297 -280 268 262 -256 283 270 -283 270 -253 -291 -264 -291 274
278 -289 -293 268 260 287 -289 289 277 -289 264 270 282 -263 -275 283 282 248 -292 -245 268 287 291 286 -259 -282 258 255 255 -280 -293 283 -275 289 251 278 274 -280 287 -250 -274 -249 292 -275 -281 -281 247 261 -269 281 -275 -270 277 283 -250 289 -245 -286 -275 -268 -289 258 -277 -265 -274 290 -275 251 292 245
-280 258 -288 297 -289 287 270 288 260 -261 -291 -289 288 248 -272 284 -285 270 -257 -251 292 285 -255 -248 252 258 250 -269 281 285 285 290 -259 -278 -276 -290 -273 -275 291 -280 269 -287 -275 -280 256 292 -278 -255 -254 281 -282 -290 -270 -286 261 -296 261 251 282 -295 -263 -265 -254 271 270 280 249 -276 264 293
-285 -292 258 -248 -291 -292 -280 -270 254 -274 248 -295 -267 -286 -259 261 271 295 286 -270 -263 258 297 282 -296 254 -263 -266 -283 249 -256 284 291 295 -269 273 -290 260 -270 -257 -287 272 271 -291 256 -264 297 -289 286 251 277 252 264 291 -275 278 280 259 -257 -256 -262 297 273 264 -289 287 -289 282 -255 261
259 -273 -294 262 -293 -294 259 295 253 277 -266 258 257 277 -289 257 276 -283 290 296 -281 255 273 -273 294 269 -273 269 -265 275 279 273 279 261 -271 250 275 -291 -292 288 272 -278 -272 -253 255 -284 255 -280 288 -282 259 299 250 -273 258 -278 282 294 -272 -272 -267 267 300 -270 -283 250 -262 -278 -263 -267
-286 265 287 -298 293 -282 -293 271 277 277 -298 298 285 -293 275 265 -274 -260 266 256 294 -265 285 -271 -275 295 -260 -293 277 -250 286 -299 297 271 289 259 -266 259 250 272 -268 -255 -285 -278 -250 -259 255 282 270 262 255 -293 -261 253 -257 285 -258 259 -275 -254 265 288 -287 -266 -280 -263 -274 -267 -281 262
-280 276 289 271 -278 283 -281 293 -254 -259 288 282 256 -283 -251 -268 264 280 299 -260 298 281 -281 -260 -249 -281 294 -263 262 262 -254 295 270 -275 268 -255 -264 285 -278 -256 280 -264 250 -266 -273 -287 -262 -279 271 293 263 298 -297 -278 299 -265 291 -262 298 -287 -297 -269 -261 -283 -256 -250 -267 -265 251 279
-293 -283 280 263 281 -278 267 -267 -274 254 282 -257 -258 -262 275 -263 -295 274 258 -253 290 291 270 -259 281 292 256 255 265 284 249 -286 296 279 263 289 -271 290 -281 -293 -275 -279 -258 -295 294 261 -276 267 -282 -283 -255 280 -292 -249 -294 -284 -256 -265 -266 -251 257 294 297 -273 266 290 -251 -278 294 -250
-288 271 -272 -253 -279 278 251 273 -288 -277 -270 276 -266 -274 259 -274 -255 -300 253 274 -272 -299 278 -286 -299 -278 -268 -285 -268 -280 298 299 277 269 -252 269 257 277 291 290 -260 -293 255 270 -277 252 -293 -280 293 293 279 -264 -266 276 267 282 -255 265 283 254 -298 -251 -255 -290 272 259 271 -289 -256 -257
279 248 259 251 284 -252 -274 -271 -296 284 248 -287 281 298 -255 258 294 -259 -262 -259 -296 -293 259 -271 272 -287 268 260 -294 -285 -284 -281 282 263 -263 291 -269 -274 -284 -248 248 264 290 -287 284 -282 -256 -286 -261 291 295 -283 282 -276 270 -282 277 -267 276 278 -297 272 286 -248 251 -298 258 261 249 276
293 266 249 -267 278 -293 -282 -253 247 286 -248 293 -258 256 289 271 -249 -290 249 278 289 278 263 271 -279 -250 -267 -297 -272 247 295 -294 289 -267 263 252 272 -274 -293 -284 272 251 -268 -262 -277 -259 -297 288 -275 -270 252 -256 -287 296 257 285 -297 275 -289 -291 296 256 -281 261 276 291 279 -248 296 260
281 258 272 -287 250 -267 -260 -251 287 -256 265 287 289 -282 290 -254 287 296 -272 -260 -272 -283 262 254 -263 253 -281 -272 -280 -300 257 265 270 -276 -259 258 260 260 -290 268 281 -250 -257 253 -289 -261 -298 -255 -276 295 -250 284 300 286 -300 -272 -256 293 -288 260 -285 287 275 271 290 -272 -268 -296 -291 291
275 288 263 -286 -264 -291 -287 268 -285 252 -259 -292 -283 286 288 -282 261 -288 -261 279 247 -282 -290 -292 -263 -268 291 -264 281 278 258 251 272 279 -248 283 289 -247 267 261 294 -284 254 -283 251 -251 250 -251 -256 -267 277 -261 -285 277 -296 -296 297 296 -258 281 271 286 265 -265 260 266 -292 294 275 -253
-271 -261 262 283 -275 -261 297 287 -272 268 -286 -286 -282 -295 -266 273 -280 294 287 -261 269 -271 261 -251 -281 -266 266 -253 -281 270 -258 283 280 267 255 280 249 -275 -260 -297 -294 -296 276 262 -298 -282 288 251 294 -255 293 294 264 288 284 260 -277 292 -274 -250 252 -264 -252 280 -284 -273 -256 -296 -269 -253
-255 -287 -299 274 -274 261 260 -269 -290 -278 -295 283 276 280 -277 261 295 -252 -263 -288 -250 -258 299 -300 298 255 -267 -266 271 254 262 254 -271 -276 -256 -269 298 -258 -270 257 273 -264 -281 254 -252 -279 -277 291 255 258 -292 294 -291 -266 281 257 -297 -290 253 294 -255 285 -262 -299 -256 -298 274 275 252 280
-262 -283 -282 -262 -260 276 259 286 277 -262 -266 -279 -273 -282 -291 -288 -263 294 270 -274 -271 293 250 -298 268 266 -280 297 275 262 290 265 -262 255 -284 -290 296 277 295 278 278 -252 -249 279 -298 -277 251 258 -281 -293 -256 -295 270 -298 261 -264 261 -285 -264 -261 264 251 263 298 283 -271 -269 -265 -252 -270
286 281 299 265 -262 -274 -292 -286 249 268 -256 261 272 254 274 299 -267 -253 -288 -267 277 290 291 -250 -250 -259 -286 265 -257 -298 267 272 -298 271 288 -254 -284 285 -256 255 254 266 -270 -269 279 -282 280 270 -250 254 265 287 -268 -278 284 -262 -283 -256 277 298 -279 -271 -268 263 -287 -287 -282 -274 272 299
-285 281 -275 287 260 -273 285 -297 266 266 -267 300 250 -287 285 -269 271 -270 278 283 265 -277 253 255 -260 257 252 -271 -293 -278 262 -271 -295 290 279 263 277 -276 -269 294 -280 254 -285 257 -284 -265 282 -282 300 258 298 -287 287 298 -290 273 266 259 -259 -270 254 -261 285 275 -250 -250 257 -270 278 295
288 -300 -289 -291 259 269 270 -258 282 251 -273 -255 253 -251 275 276 273 -290 297 283 253 255 275 -273 292 300 272 -272 281 -264 252 301 267 288 -291 -251 -251 -256 291 -296 260 286 284 292 251 -270 270 -252 274 -259 -289 -277 281 273 263 275 264 -259 -279 -286 -253 299 -264 -301 263 256 279 283 -274 279
285 -285 277 -286 265 287 -298 -289 -275 286 254 276 257 272 -298 -269 264 282 285 292 284 -279 287 -289 -292 -258 -280 264 263 -268 299 -300 -252 276 -286 267 287 274 258 -277 -277 -264 250 -265 -254 -263 267 -265 -250 -254 -293 255 279 -269 -290 -260 -255 -265 276 271 -272 -268 -251 294 -274 254 -278 276 265 -271
266 285 263 -253 -246 -273 -265 257 -272 296 258 -292 263 262 -283 -285 263 258 295 278 -275 -269 -272 296 276 266 -253 261 -295 -295 271 293 -247 -277 -291 296 -290 296 -288 261 -288 279 268 276 270 272 246 248 255 283 295 249 -260 269 -296 -268 282 279 279 271 -296 270 262 293 265 -267 -290 282 -261 262
284 -269 258 -296 291 292 -284 -277 278 -254 -271 281 278 294 251 252 -296 282 -283 251 256 258 -266 -295 266 -280 -263 -256 -277 -261 -247 -272 -285 -276 291 -271 285 -264 -282 270 -271 248 -279 295 287 -277 -280 -289 286 276 -294 -253 265 262 -250 270 -251 249 295 -294 276 281 283 -263 -296 -262 258 247 -288 -274
297 -258 -254 269 286 -249 -282 -255 253 -299 -266 267 265 -286 -293 -293 -286 265 284 -267 249 -289 254 282 -266 284 -268 275 -281 266 298 -256 252 -275 -258 -258 -294 -259 -272 260 266 290 299 -255 274 -285 -295 -276 259 271 -296 250 266 285 261 259 -255 296 274 -264 -283 -269 -277 266 -273 -286 250 292 -282 -296
281 261 280 266 251 277 272 291 267 -262 262 273 253 285 -296 271 295 269 -264 -257 -275 248 -278 -261 248 295 -265 288 288 259 292 -275 258 263 -272 273 -289 -292 269 255 -260 -284 291 291 295 286 -271 -255 -289 280 275 -271 -261 -292 -282 -264 -267 -291 272 -286 -250 -295 -259 275 266 260 277 -270 -289 297
-298 293 -264 -260 268 -282 -262 -257 -297 289 275 249 274 279 -249 -274 -268 295 284 295 252 -286 -274 -297 -296 265 250 -293 277 276 275 -282 -297 -251 -266 277 -275 278 298 -255 286 260 -255 258 297 -287 -288 -292 -286 -277 -278 -254 -275 277 -255 -272 267 253 -283 255 -263 275 -254 -280 -248 262 -274 267 284 275
291 -259 -289 -266 270 -281 -259 -287 270 -300 254 -252 252 -275 261 -263 -275 -253 -280 -274 -300 267 295 257 -258 -255 -298 279 258 293 292 274 261 -299 -267 279 -283 -266 -254 259 254 -301 288 281 275 298 257 281 -279 -265 -258 -251 251 -259 -283 -284 283 -275 274 293 -280 258 -257 -258 -283 -275 -298 -273 -298 -273
