30 30
-295 -285 295 280 300 -278 -256 294 285 -253 252 -300 253 259 297 -264 -281 275 -292 -287 -281 255 258 254 -296 259 -271 -268 -261 -288
270 292 252 257 251 294 -283 -259 -269 -293 -296 278 -264 264 300 -252 264 259 -301 -290 -275 253 292 283 273 299 270 252 300 294
284 255 -262 296 304 -299 283 254 -279 281 -268 -274 -262 292 271 268 262 256 298 -260 -258 275 286 -290 279 -266 -276 -305 276 -258
270 -295 284 -295 257 -277 300 -266 -268 -289 -267 -290 261 -299 263 -288 -259 -278 -270 -293 290 252 252 254 -297 -253 289 279 -287 251
-287 279 -261 -266 -294 277 -274 260 292 -263 -288 -295 291 261 -262 -279 -269 -272 276 -292 254 -295 263 262 -285 -248 -297 293 -283 -259
289 279 260 -270 281 -283 286 286 -287 288 -271 -274 284 275 293 -285 -259 279 276 256 266 288 256 -300 -299 250 250 -276 -264 -266
284 -264 -300 -252 -300 297 -272 256 285 -268 256 -270 282 -284 273 254 -297 290 -262 262 267 -260 -253 -301 -261 -261 -295 295 -284 -300
257 -293 -279 -298 -265 282 -261 -297 -267 -294 254 283 -280 283 288 -258 301 283 -257 263 -254 265 -291 -273 282 277 273 268 -258 298
-268 -281 -266 -292 260 274 -261 -256 -248 247 -283 296 294 278 -249 -285 293 -289 -279 265 291 291 290 263 -283 290 -282 -281 283 -257
264 -279 290 -271 -263 275 -249 272 284 -281 -286 -257 249 249 -257 -289 -282 -286 283 -278 -266 286 -290 -286 272 -280 -294 -289 288 -290
-282 297 266 261 272 295 -253 -277 257 -285 298 -254 255 -290 -253 299 269 -291 249 -279 -275 -264 -299 -299 -259 255 -291 298 264 -298
291 -271 256 -279 -271 -258 -258 293 269 -269 -263 289 -268 -279 -278 -269 271 267 -273 -287 281 -273 299 303 256 -261 288 -296 -261 303
-299 253 -284 285 286 -286 252 -290 278 268 -277 -283 296 278 289 250 249 -260 -295 278 255 262 -291 -254 282 -299 261 -276 -287 -274
-279 -284 260 284 272 -270 -284 -255 -265 -290 -252 296 -264 -289 282 -293 292 -279 -256 293 293 276 -292 261 254 -283 -264 -264 272 -275
292 291 268 293 -293 278 -291 -274 270 -270 -277 293 -263 292 291 -272 293 251 253 -275 -253 -281 262 -264 255 263 267 277 -285 290
-289 -286 -289 -255 282 -277 251 288 254 258 275 -255 -278 293 -287 278 -276 -267 294 289 260 -281 -264 -282 283 -302 -267 -271 -267 273
280 -267 -297 284 279 269 -291 -292 -295 -282 283 -270 -261 267 -258 290 265 274 -286 -268 -270 -289 -253 292 250 -250 296 -277 -287 -268
283 -284 -275 289 -269 -292 -266 284 265 -280 -273 251 -294 294 -263 -279 -280 288 288 249 293 -259 262 -278 -276 271 -281 -283 -277 -249
-268 289 -252 294 -298 277 -281 282 248 290 280 290 -295 -269 -255 -273 -282 256 -255 -257 291 289 294 -287 -258 295 261 267 282 258
-297 258 298 -296 -294 -270 -283 -298 -277 -263 -267 -279 297 278 -254 -296 257 268 292 -271 268 -264 273 -272 275 -272 278 261 -270 250
-299 -260 -254 -258 295 -257 295 -296 -281 -267 271 -258 -271 -296 -256 -270 -292 283 -285 254 265 268 278 254 -265 278 -293 282 300 -295
-292 290 -281 281 -293 298 -250 -297 277 -298 257 -277 295 -272 -273 263 -263 271 -252 -261 263 297 -258 252 264 262 -295 -280 -280 -289
-265 277 273 -291 -288 -252 296 -270 -277 252 -265 -284 -272 -282 -283 -289 -286 -261 -264 -268 292 -279 -295 271 254 -275 274 258 301 -279
-253 -253 -266 278 -284 285 259 283 -261 -294 -283 279 290 297 -295 264 280 255 297 266 258 -285 268 283 -255 -257 -280 295 265 297
-254 -283 -263 -282 259 282 -279 270 -287 257 267 294 -269 288 285 -284 -262 -275 280 285 278 -294 -267 260 285 274 -254 -279 291 293
-291 -247 -285 285 -274 260 295 -248 293 -279 282 -283 -294 295 273 289 282 -271 249 258 262 -283 -265 280 -289 272 291 -271 262 -279
-271 288 269 -281 -276 -267 300 251 291 -280 -292 -255 271 -296 -299 -265 -295 -291 -300 -268 -298 -261 -271 -252 -254 268 266 252 293 260
-287 -290 -271 -289 -292 298 -286 -265 291 288 -274 -290 -294 255 -263 -260 269 267 -269 -296 269 259 253 -272 -266 -262 250 -292 -291 -273
257 -267 276 -257 257 -292 -297 -261 301 272 -278 279 293 -270 293 -301 -256 300 -278 -261 264 -254 -298 -292 295 264 -270 -261 281 256
293 260 -282 278 -298 -262 263 -293 -259 260 -295 294 -273 283 -273 281 260 298 280 256 -275 -263 266 270 275 260 -283 293 -254 -292
