2
850 4
10031 29378 15763 17001
1 1 1
2 397 396
3 333 317
4 243 240
5 137 113
6 357 374
7 376 372
8 207 236
9 294 323
10 269 313
11 226 239
12 93 125
13 495 450
14 105 126
15 197 223
16 1 6
17 97 55
18 132 97
19 54 45
20 51 89
21 14 47
22 434 411
23 181 200
24 320 277
25 261 260
26 67 26
27 247 225
28 41 37
29 164 151
30 269 281
31 339 351
32 428 430
33 426 440
34 342 298
35 58 18
36 120 131
37 52 13
38 29 31
39 188 217
40 390 362
41 47 10
42 173 207
43 262 274
44 234 192
45 319 322
46 175 172
47 435 425
48 236 221
49 429 437
50 390 385
51 1 4
52 116 144
53 392 376
54 266 276
55 192 171
56 82 37
57 79 112
58 289 309
59 193 192
60 88 59
61 60 90
62 386 343
63 237 229
64 1 22
65 408 411
66 55 47
67 234 261
68 155 137
69 59 54
70 216 222
71 343 336
72 154 109
73 104 140
74 169 141
75 360 361
76 146 138
77 260 256
78 175 155
79 1 23
80 244 223
81 363 367
82 100 129
83 23 37
84 264 290
85 95 120
86 85 123
87 365 373
88 380 406
89 185 227
90 123 81
91 201 189
92 1 33
93 320 359
94 220 237
95 267 286
96 132 166
97 50 56
98 427 384
99 371 412
100 265 223
101 74 91
102 381 411
103 238 266
104 56 62
105 266 255
106 1 2
107 174 213
108 332 317
109 261 299
110 48 37
111 14 24
112 372 389
113 56 69
114 135 106
115 28 31
116 397 401
117 71 78
118 156 162
119 139 103
120 292 294
121 110 134
122 243 230
123 383 375
124 322 330
125 255 215
126 381 338
127 245 245
128 292 319
129 62 48
130 315 346
131 283 308
132 274 306
133 266 256
134 380 350
135 262 262
136 269 254
137 300 300
138 15 24
139 442 401
140 132 176
141 186 153
142 450 415
143 127 159
144 123 158
145 150 158
146 195 227
147 375 413
148 221 242
149 326 294
150 172 145
151 213 213
152 78 72
153 101 121
154 202 231
155 467 447
156 359 357
157 366 365
158 31 62
159 395 392
160 434 426
161 298 272
162 26 43
163 247 216
164 106 124
165 215 258
166 132 93
167 460 426
168 457 426
169 228 244
170 94 112
171 431 417
172 46 4
173 210 229
174 354 362
175 265 223
176 100 132
177 69 54
178 248 221
179 469 435
180 241 220
181 93 77
182 287 314
183 146 124
184 349 361
185 417 405
186 301 304
187 428 430
188 368 371
189 124 159
190 166 180
191 445 404
192 98 62
193 394 373
194 48 68
195 278 287
196 417 410
197 267 282
198 77 111
199 56 17
200 247 213
201 196 218
202 318 281
203 442 414
204 20 14
205 97 76
206 410 441
207 1 9
208 327 342
209 283 259
210 384 402
211 397 378
212 392 385
213 292 296
214 245 200
215 190 161
216 239 196
217 99 85
218 175 182
219 225 199
220 294 312
221 42 86
222 405 433
223 243 210
224 283 270
225 443 420
226 343 308
227 363 404
228 47 41
229 253 260
230 278 269
231 121 108
232 193 209
233 234 267
234 189 159
235 36 45
236 339 319
237 266 254
238 49 38
239 105 69
240 355 373
241 349 391
242 337 315
243 68 59
244 397 356
245 455 410
246 419 385
247 376 390
248 1 30
249 243 246
250 210 201
251 63 106
252 231 271
253 22 37
254 432 414
255 147 192
256 405 376
257 198 165
258 369 362
259 233 269
260 270 280
261 334 291
262 51 33
263 244 270
264 227 237
265 319 307
266 383 401
267 360 382
268 332 369
269 191 179
270 297 328
271 235 268
272 437 404
273 308 298
274 358 349
275 251 210
276 355 362
277 126 150
278 356 325
279 214 190
280 385 375
281 345 325
282 156 199
283 375 369
284 48 65
285 317 335
286 55 48
287 174 165
288 389 351
289 276 232
290 190 232
291 47 51
292 116 152
293 400 394
294 21 66
295 216 252
296 383 394
297 285 297
298 282 268
299 93 78
300 381 369
301 144 137
302 312 290
303 40 41
304 119 115
305 1 9
306 52 93
307 278 316
308 78 82
309 110 72
310 353 347
311 71 64
312 51 86
313 255 238
314 1 9
315 310 273
316 109 126
317 276 319
318 2 17
319 393 353
320 289 306
321 392 366
322 35 19
323 64 21
324 355 367
325 166 155
326 266 303
327 245 240
328 58 36
329 175 142
330 159 119
331 244 260
332 105 142
333 132 146
334 1 8
335 49 50
336 394 389
337 124 122
338 104 132
339 369 406
340 372 353
341 369 353
342 142 139
343 414 419
344 185 226
345 249 230
346 89 48
347 69 96
348 119 147
349 165 197
350 170 202
351 116 102
352 159 125
353 455 441
354 204 196
355 210 167
356 344 363
357 376 389
358 133 133
359 39 67
360 37 6
361 78 112
362 195 211
363 362 368
364 251 258
365 374 392
366 475 446
367 232 214
368 149 105
369 125 139
370 407 378
371 276 281
372 113 99
373 317 286
374 399 429
375 258 221
376 39 71
377 69 74
378 330 345
379 414 424
380 10 55
381 132 102
382 45 88
383 274 276
384 350 385
385 267 225
386 171 167
387 214 250
388 36 7
389 341 378
390 264 292
391 118 92
392 61 41
393 421 388
394 1 16
395 378 423
396 408 436
397 84 70
398 41 36
399 36 14
400 79 113
401 334 369
402 154 174
403 208 224
404 308 311
405 381 386
406 77 91
407 98 141
408 216 202
409 252 293
410 1 31
411 123 97
412 320 324
413 228 229
414 250 275
415 315 287
416 429 411
417 306 320
418 389 415
419 328 299
420 70 109
421 371 408
422 118 73
423 127 86
424 57 71
425 35 7
426 213 193
427 214 185
428 407 393
429 257 244
430 55 74
431 304 283
432 278 291
433 297 291
434 304 327
435 359 393
436 244 246
437 460 425
438 349 347
439 241 238
440 309 290
441 132 140
442 296 306
443 315 315
444 107 115
445 79 70
446 62 68
447 39 39
448 339 378
449 20 2
450 209 245
451 292 291
452 406 413
453 310 323
454 385 393
455 68 35
456 176 159
457 179 168
458 87 85
459 283 306
460 411 414
461 18 15
462 190 180
463 156 180
464 253 217
465 173 134
466 303 327
467 306 325
468 201 236
469 239 244
470 144 122
471 77 82
472 245 202
473 352 387
474 1 5
475 370 347
476 254 286
477 348 356
478 83 58
479 116 103
480 275 241
481 303 286
482 399 404
483 286 275
484 412 422
485 93 85
486 249 229
487 116 104
488 147 169
489 3 20
490 275 320
491 346 312
492 309 290
493 129 104
494 354 367
495 309 323
496 10 28
497 77 115
498 433 437
499 149 143
500 134 108
501 294 278
502 167 142
503 284 249
504 228 219
505 69 81
506 271 241
507 32 63
508 266 295
509 320 282
510 162 184
511 328 358
512 215 202
513 335 296
514 172 141
515 168 165
516 76 107
517 376 420
518 7 6
519 309 312
520 110 131
521 96 81
522 49 71
523 44 11
524 15 53
525 439 445
526 169 189
527 291 321
528 277 281
529 232 194
530 290 312
531 112 82
532 97 69
533 256 245
534 310 273
535 427 438
536 284 317
537 450 421
538 198 235
539 405 379
540 371 328
541 438 424
542 103 91
543 105 136
544 16 26
545 327 339
546 199 165
547 261 250
548 33 28
549 231 190
550 392 414
551 131 173
552 309 343
553 386 402
554 256 295
555 466 433
556 381 338
557 188 191
558 8 23
559 425 433
560 154 134
561 131 130
562 1 4
563 397 373
564 398 412
565 207 230
566 247 254
567 403 429
568 18 9
569 305 273
570 334 343
571 383 346
572 31 33
573 178 177
574 36 23
575 385 382
576 62 76
577 368 366
578 434 424
579 385 361
580 1 6
581 202 203
582 408 419
583 244 245
584 272 295
585 3 20
586 350 357
587 38 41
588 82 52
589 218 237
590 62 92
591 9 41
592 418 380
593 316 272
594 320 352
595 192 156
596 245 212
597 76 64
598 319 299
599 397 426
600 179 202
601 188 174
602 126 158
603 69 80
604 269 282
605 262 219
606 145 147
607 279 283
608 391 410
609 273 265
610 268 230
611 337 352
612 327 366
613 235 236
614 333 296
615 214 250
616 390 360
617 336 337
618 29 50
619 327 294
620 164 203
621 99 99
622 269 230
623 456 422
624 72 102
625 272 235
626 28 20
627 166 173
628 75 105
629 237 222
630 196 162
631 279 242
632 194 205
633 350 337
634 255 219
635 245 285
636 132 119
637 340 304
638 325 370
639 98 90
640 335 333
641 70 93
642 346 324
643 250 242
644 415 441
645 127 111
646 59 31
647 248 290
648 295 338
649 270 252
650 202 192
651 44 46
652 287 242
653 327 356
654 47 70
655 289 293
656 423 387
657 99 116
658 201 206
659 345 359
660 215 176
661 122 139
662 216 259
663 94 119
664 368 323
665 218 212
666 342 378
667 429 388
668 135 146
669 220 204
670 237 206
671 302 337
672 230 226
673 198 211
674 308 276
675 164 174
676 125 137
677 289 327
678 387 373
679 186 193
680 128 119
681 285 264
682 234 220
683 140 180
684 306 279
685 133 167
686 268 243
687 193 215
688 1 5
689 434 443
690 82 54
691 54 70
692 358 346
693 257 225
694 170 210
695 405 391
696 178 138
697 237 270
698 326 285
699 88 54
700 54 56
701 329 285
702 316 346
703 65 29
704 292 324
705 34 15
706 414 370
707 146 181
708 278 311
709 271 277
710 222 254
711 35 16
712 130 106
713 335 379
714 228 221
715 435 427
716 376 394
717 314 323
718 385 391
719 275 311
720 379 339
721 218 263
722 67 44
723 266 236
724 388 395
725 162 203
726 66 44
727 187 210
728 113 122
729 390 402
730 49 42
731 317 285
732 195 185
733 391 420
734 201 203
735 287 289
736 1 10
737 341 310
738 430 424
739 143 172
740 234 214
741 272 253
742 167 170
743 231 205
744 1 2
745 249 289
746 440 435
747 11 24
748 4 15
749 152 151
750 106 129
751 101 145
752 345 352
753 62 31
754 350 377
755 157 128
756 375 372
757 356 360
758 361 403
759 381 356
760 491 448
761 45 11
762 87 94
763 121 164
764 306 318
765 312 341
766 399 423
767 300 266
768 2 30
769 392 429
770 85 62
771 384 417
772 180 194
773 129 84
774 50 78
775 197 169
776 204 208
777 354 309
778 104 125
779 205 221
780 258 273
781 433 437
782 366 344
783 1 10
784 130 137
785 377 361
786 45 39
787 193 221
788 193 234
789 186 150
790 125 122
791 417 437
792 170 172
793 114 142
794 315 276
795 300 288
796 127 130
797 175 172
798 271 245
799 116 118
800 206 251
801 384 403
802 135 109
803 344 362
804 332 356
805 265 273
806 161 157
807 12 30
808 185 187
809 180 171
810 320 348
811 110 97
812 73 101
813 291 248
814 246 233
815 480 441
816 298 255
817 363 386
818 43 60
819 169 195
820 324 296
821 109 73
822 276 273
823 89 102
824 311 330
825 142 105
826 1 20
827 27 70
828 46 57
829 23 12
830 129 129
831 305 334
832 262 264
833 339 375
834 396 423
835 402 439
836 281 250
837 355 345
838 250 268
839 248 253
840 157 183
841 368 387
842 261 251
843 113 155
844 130 152
845 27 43
846 226 221
847 342 324
848 345 310
849 56 89
850 228 199
