2
1350 9
51736 59001 2409 31204 77316 10034 47233 95699 14444
1 11 110
2 1704 1896
3 1459 1367
4 1707 1690
5 1723 1613
6 761 874
7 110 122
8 1369 1486
9 1960 1823
10 475 463
11 606 589
12 1195 1325
13 2156 2000
14 1630 1776
15 1 123
16 1305 1356
17 341 305
18 114 47
19 1751 1645
20 68 139
21 1336 1247
22 1374 1211
23 1 100
24 447 627
25 1848 1760
26 789 776
27 456 475
28 863 937
29 160 101
30 401 281
31 1944 1751
32 1479 1530
33 1161 1240
34 375 248
35 1950 1768
36 46 31
37 1810 1613
38 1782 1881
39 1247 1367
40 833 712
41 1413 1410
42 121 157
43 888 824
44 189 242
45 1403 1472
46 1689 1722
47 800 775
48 270 371
49 1281 1337
50 1015 885
51 87 204
52 1514 1594
53 1038 1226
54 1310 1226
55 796 921
56 1369 1537
57 1311 1112
58 875 959
59 289 392
60 1835 1709
61 1843 1940
62 1774 1943
63 1 79
64 1094 922
65 209 361
66 2038 1947
67 667 861
68 2118 1937
69 1743 1754
70 1948 1872
71 807 636
72 1495 1459
73 445 390
74 1251 1141
75 184 111
76 736 588
77 147 6
78 1018 1155
79 775 723
80 760 723
81 691 667
82 838 829
83 1394 1487
84 1577 1590
85 232 370
86 1855 1823
87 1255 1173
88 1067 1056
89 1132 977
90 1607 1681
91 688 689
92 818 933
93 643 809
94 1555 1587
95 1495 1686
96 454 466
97 423 356
98 602 784
99 1663 1862
100 360 223
101 1396 1541
102 249 61
103 1374 1416
104 256 62
105 26 205
106 1 152
107 900 913
108 404 267
109 1310 1249
110 224 187
111 16 174
112 1110 939
113 548 519
114 1 56
115 1394 1381
116 1645 1551
117 934 1128
118 793 812
119 1933 1753
120 620 544
121 543 684
122 719 830
123 619 725
124 1236 1330
125 115 115
126 883 1038
127 557 445
128 1530 1619
129 616 648
130 1854 1896
131 544 658
132 1324 1306
133 1853 1806
134 760 800
135 1658 1612
136 1496 1354
137 1420 1300
138 1022 1174
139 794 751
140 288 126
141 1772 1603
142 1477 1665
143 1062 1209
144 1399 1308
145 1348 1308
146 756 677
147 985 863
148 433 292
149 246 444
150 1125 1295
151 1375 1413
152 1056 1072
153 1480 1321
154 989 981
155 1620 1797
156 1400 1507
157 1836 1715
158 1503 1512
159 1946 1892
160 1 76
161 75 22
162 666 643
163 941 866
164 940 1074
165 1352 1508
166 1279 1243
167 940 776
168 235 326
169 1503 1694
170 1691 1662
171 962 1017
172 1667 1654
173 1133 1129
174 808 662
175 1194 1123
176 160 182
177 597 554
178 576 421
179 815 685
180 666 470
181 264 77
182 349 264
183 1672 1624
184 916 961
185 1 55
186 1343 1254
187 1048 880
188 1066 921
189 674 809
190 1600 1680
191 741 554
192 55 62
193 661 573
194 1503 1568
195 204 37
196 1959 1910
197 800 632
198 1187 1211
199 1044 1067
200 1654 1763
201 655 568
202 1691 1681
203 828 814
204 651 514
205 324 326
206 1 41
207 961 909
208 1192 1192
209 933 1059
210 1238 1352
211 1773 1678
212 721 885
213 1796 1596
214 1409 1400
215 1572 1411
216 1656 1746
217 502 535
218 9 82
219 1421 1399
220 1498 1412
221 1812 1636
222 841 983
223 1433 1360
224 3 120
225 1769 1870
226 1787 1808
227 1012 1004
228 414 391
229 714 810
230 979 819
231 2067 1958
232 247 209
233 1556 1717
234 1499 1359
235 875 895
236 383 419
237 650 504
238 748 588
239 1615 1719
240 298 323
241 182 341
242 1944 1965
243 2036 1859
244 1526 1456
245 564 760
246 1135 1135
247 511 390
248 1911 1780
249 1378 1496
250 926 1001
251 1040 906
252 1223 1171
253 492 437
254 1332 1164
255 1308 1142
256 685 876
257 73 265
258 1798 1762
259 1487 1319
260 1786 1780
261 1 41
262 126 33
263 1718 1720
264 1932 1887
265 1939 1907
266 416 551
267 550 732
268 990 969
269 1682 1679
270 1211 1228
271 971 1168
272 1765 1654
273 148 48
274 688 549
275 1448 1260
276 1041 1112
277 519 450
278 904 925
279 245 240
280 551 375
281 1071 875
282 449 299
283 972 969
284 352 215
285 1239 1435
286 1496 1648
287 1578 1515
288 1421 1351
289 1459 1582
290 1207 1032
291 826 901
292 1730 1902
293 1575 1494
294 1803 1766
295 1603 1602
296 661 494
297 59 147
298 1415 1418
299 614 628
300 1019 1219
301 1907 1837
302 1345 1340
303 405 441
304 1316 1315
305 1129 1109
306 1478 1343
307 601 616
308 1690 1532
309 509 522
310 899 897
311 502 514
312 1123 986
313 1856 1888
314 929 759
315 441 323
316 279 176
317 1037 919
318 1 67
319 1440 1503
320 754 556
321 638 716
322 511 319
323 292 471
324 344 517
325 967 1105
326 993 1153
327 950 1140
328 1744 1886
329 658 692
330 1391 1319
331 1430 1560
332 538 642
333 1648 1696
334 1074 1258
335 1428 1250
336 1819 1639
337 539 372
338 1288 1132
339 738 856
340 1528 1453
341 1394 1503
342 619 539
343 1649 1819
344 102 126
345 1482 1430
346 1577 1598
347 597 696
348 1552 1597
349 691 697
350 51 52
351 1617 1652
352 1776 1625
353 1257 1091
354 1590 1546
355 452 317
356 391 313
357 1 89
358 1329 1283
359 1727 1917
360 1865 1806
361 2051 1912
362 639 511
363 174 168
364 574 758
365 547 392
366 630 646
367 1313 1114
368 83 5
369 1141 989
370 1115 1228
371 1058 1131
372 821 699
373 321 386
374 1387 1229
375 523 621
376 257 371
377 593 574
378 535 495
379 1537 1674
380 417 255
381 383 352
382 1595 1588
383 1096 1176
384 2002 1935
385 353 325
386 1 167
387 394 550
388 307 457
389 592 478
390 1011 892
391 1004 942
392 957 991
393 810 988
394 770 866
395 1089 1123
396 1113 1086
397 1 70
398 1257 1186
399 1188 1314
400 983 1163
401 1066 1119
402 1967 1774
403 970 1074
404 708 661
405 200 386
406 918 741
407 1467 1541
408 277 152
409 1253 1143
410 1104 1131
411 1118 1047
412 1419 1574
413 1255 1229
414 270 275
415 1760 1787
416 1856 1661
417 136 320
418 1743 1815
419 1526 1699
420 735 709
421 1646 1458
422 1256 1323
423 1466 1286
424 855 721
425 1719 1907
426 1651 1743
427 305 185
428 737 843
429 701 794
430 422 524
431 367 233
432 785 841
433 313 491
434 1568 1427
435 977 893
436 489 396
437 1049 1025
438 683 547
439 1581 1638
440 706 590
441 899 1090
442 1572 1506
443 1715 1615
444 1 65
445 1994 1920
446 1897 1968
447 1806 1839
448 1658 1828
449 134 52
450 1067 1145
451 1546 1491
452 1212 1263
453 874 723
454 836 993
455 768 935
456 1743 1859
457 308 218
458 656 535
459 63 156
460 361 364
461 1174 1315
462 1189 1380
463 1 80
464 1 17
465 1919 1984
466 474 427
467 1785 1675
468 338 336
469 1174 1244
470 1809 1672
471 1388 1582
472 1 52
473 1421 1487
474 521 355
475 618 547
476 667 736
477 1440 1256
478 1 108
479 1105 1153
480 652 691
481 725 786
482 626 654
483 2120 1975
484 1802 1972
485 1651 1585
486 1158 1229
487 640 654
488 312 469
489 1 20
490 1797 1770
491 1320 1162
492 1074 1090
493 672 754
494 104 267
495 1079 1223
496 1084 928
497 1 15
498 1795 1637
499 372 493
500 21 208
501 1071 1078
502 289 292
503 257 349
504 322 219
505 583 781
506 524 591
507 1906 1763
508 246 245
509 1285 1382
510 655 534
511 1238 1108
512 1739 1852
513 1268 1146
514 2118 1941
515 1 15
516 1186 1207
517 354 270
518 1688 1856
519 1435 1262
520 520 681
521 449 431
522 1 71
523 363 211
524 1154 1053
525 1717 1895
526 418 289
527 666 621
528 1767 1881
529 1798 1944
530 997 962
531 920 882
532 1889 1869
533 1680 1645
534 819 823
535 2022 1988
536 362 467
537 1049 1021
538 460 485
539 960 879
540 392 478
541 1267 1274
542 914 991
543 1091 1286
544 1238 1276
545 1347 1339
546 753 815
547 962 1050
548 1571 1478
549 872 840
550 1931 1914
551 463 373
552 1446 1293
553 1447 1452
554 575 495
555 40 233
556 1287 1388
557 993 1041
558 1709 1573
559 1184 1283
560 1427 1434
561 2059 1930
562 1252 1154
563 133 123
564 1846 1862
565 412 530
566 999 1104
567 1856 1779
568 320 459
569 1756 1823
570 492 343
571 211 246
572 1807 1883
573 182 227
574 737 823
575 1223 1032
576 992 1126
577 129 166
578 1228 1324
579 371 361
580 821 706
581 1338 1503
582 1376 1419
583 176 195
584 921 945
585 1112 970
586 449 257
587 41 41
588 213 352
589 1277 1137
590 1338 1192
591 1 41
592 1248 1380
593 1053 1222
594 128 52
595 1506 1656
596 1759 1612
597 1380 1364
598 1188 1199
599 897 826
600 1562 1652
601 1649 1474
602 1880 1858
603 1477 1480
604 1576 1582
605 390 369
606 1408 1597
607 509 633
608 308 360
609 814 715
610 1902 1980
611 597 652
612 94 266
613 1085 1236
614 67 146
615 1113 1050
616 408 310
617 1266 1387
618 2001 1950
619 1241 1094
620 967 953
621 1781 1799
622 1586 1530
623 1328 1422
624 1637 1702
625 1688 1835
626 726 920
627 84 73
628 1590 1455
629 1986 1972
630 1643 1462
631 480 392
632 1157 1005
633 336 487
634 1149 969
635 1902 1735
636 995 869
637 315 454
638 1759 1570
639 1314 1290
640 1778 1683
641 1062 1193
642 1324 1374
643 1694 1842
644 362 191
645 1869 1911
646 224 31
647 1 40
648 1792 1788
649 1975 1852
650 546 742
651 333 446
652 1113 1142
653 1758 1906
654 1091 970
655 1747 1843
656 1188 1137
657 761 666
658 1387 1456
659 1757 1709
660 715 526
661 1979 1889
662 1893 1859
663 663 669
664 415 423
665 33 62
666 1952 1978
667 117 288
668 208 96
669 456 304
670 1 6
671 551 587
672 441 326
673 713 561
674 248 226
675 215 124
676 235 337
677 1848 1927
678 695 723
679 1775 1693
680 922 819
681 1741 1664
682 315 120
683 1515 1330
684 720 679
685 862 867
686 684 793
687 1518 1415
688 1572 1605
689 485 643
690 1365 1354
691 1259 1220
692 762 746
693 879 925
694 1483 1510
695 1099 1291
696 2062 1938
697 779 870
698 1258 1285
699 61 54
700 1018 1056
701 1132 1135
702 271 296
703 1507 1579
704 1807 1874
705 1271 1315
706 1602 1770
707 104 281
708 1 111
709 151 277
710 1482 1454
711 1754 1866
712 262 106
713 1103 1029
714 1718 1621
715 214 177
716 31 94
717 1443 1273
718 387 391
719 1727 1611
720 1964 1889
721 1170 1013
722 1356 1494
723 1614 1536
724 1119 995
725 685 853
726 447 544
727 34 160
728 513 622
729 614 752
730 1755 1692
731 896 935
732 1573 1685
733 350 420
734 1772 1753
735 1939 1739
736 1136 1110
737 309 110
738 176 324
739 855 922
740 933 1114
741 320 353
742 1279 1120
743 1909 1855
744 322 402
745 1324 1339
746 224 285
747 1719 1724
748 830 665
749 1 101
750 697 579
751 757 895
752 1291 1302
753 15 81
754 186 277
755 439 478
756 1424 1272
757 705 860
758 888 753
759 769 956
760 357 298
761 1069 1211
762 1190 1244
763 627 564
764 2086 1918
765 1619 1791
766 89 73
767 1834 1866
768 1929 1780
769 1659 1779
770 968 912
771 1701 1567
772 1282 1394
773 1912 1834
774 417 328
775 1339 1419
776 1400 1258
777 1023 1059
778 1215 1375
779 1960 1971
780 1764 1673
781 427 487
782 1729 1694
783 135 210
784 1050 1187
785 1904 1911
786 1 39
787 441 321
788 52 234
789 2064 2000
790 1109 1272
791 733 737
792 1205 1222
793 2171 1992
794 801 776
795 243 188
796 2145 1980
797 711 672
798 1989 1895
799 610 618
800 21 201
801 1688 1553
802 919 959
803 1021 1112
804 1084 1206
805 767 673
806 82 7
807 462 480
808 2043 1987
809 1904 1821
810 1609 1548
811 1021 997
812 1539 1501
813 557 398
814 1755 1783
815 1023 1141
816 1857 1705
817 982 886
818 822 860
819 601 695
820 731 696
821 1823 1873
822 994 823
823 1669 1852
824 1192 1380
825 282 455
826 1975 1870
827 1132 1120
828 816 1007
829 1031 1062
830 936 979
831 310 184
832 319 264
833 269 425
834 522 673
835 629 739
836 17 150
837 1196 1045
838 1715 1868
839 294 203
840 1383 1533
841 1 137
842 344 451
843 1213 1155
844 1153 1302
845 1788 1643
846 1313 1471
847 1066 1224
848 1121 1160
849 270 239
850 119 99
851 597 673
852 1741 1940
853 1322 1153
854 70 155
855 1293 1488
856 1678 1634
857 1762 1623
858 1980 1871
859 138 208
860 128 102
861 207 289
862 870 703
863 181 295
864 1997 1807
865 1612 1547
866 173 325
867 1945 1859
868 634 756
869 164 328
870 1553 1544
871 1140 990
872 458 311
873 750 726
874 87 69
875 1002 1004
876 484 387
877 1350 1309
878 664 678
879 599 634
880 959 1072
881 1219 1249
882 1822 1789
883 101 94
884 1786 1979
885 1443 1246
886 1009 822
887 205 107
888 451 496
889 527 681
890 1363 1434
891 1662 1755
892 238 306
893 2131 1971
894 1305 1113
895 670 773
896 1640 1791
897 1369 1302
898 736 812
899 1657 1542
900 684 734
901 186 167
902 182 283
903 589 681
904 680 850
905 870 996
906 1644 1794
907 21 33
908 474 662
909 1535 1654
910 832 955
911 1999 1916
912 1622 1568
913 392 429
914 1459 1641
915 1032 879
916 1351 1456
917 750 888
918 903 744
919 760 702
920 678 511
921 376 252
922 562 656
923 1948 1874
924 359 306
925 379 346
926 1981 1841
927 1 66
928 765 855
929 376 347
930 1173 1350
931 1657 1581
932 827 852
933 995 821
934 1400 1556
935 283 252
936 1028 861
937 1146 1253
938 98 297
939 1996 1826
940 442 540
941 1207 1363
942 568 735
943 1480 1549
944 343 280
945 1980 1955
946 1594 1560
947 959 772
948 1857 1729
949 635 576
950 1623 1505
951 162 120
952 1680 1791
953 726 721
954 245 97
955 368 229
956 168 343
957 1466 1302
958 1759 1688
959 790 928
960 1128 1016
961 1 42
962 1611 1618
963 1693 1512
964 597 552
965 283 272
966 630 820
967 1812 1718
968 1034 1113
969 929 999
970 774 779
971 538 494
972 1138 1208
973 1216 1271
974 1686 1841
975 585 558
976 1762 1913
977 261 435
978 1970 1882
979 1462 1292
980 1022 1182
981 698 502
982 1625 1504
983 192 250
984 1955 1871
985 155 280
986 579 492
987 619 803
988 206 97
989 827 889
990 892 1006
991 253 60
992 369 401
993 1023 1074
994 770 577
995 508 438
996 169 344
997 304 280
998 1642 1466
999 247 248
1000 811 806
1001 1531 1562
1002 1398 1256
1003 1 22
1004 1511 1656
1005 1209 1088
1006 523 563
1007 977 847
1008 273 371
1009 1818 1995
1010 1420 1358
1011 1131 1192
1012 1434 1256
1013 2016 1994
1014 2065 1910
1015 170 356
1016 1115 1184
1017 665 480
1018 1562 1490
1019 1322 1229
1020 1820 1952
1021 1461 1568
1022 1964 1811
1023 1 89
1024 1400 1364
1025 427 420
1026 1318 1139
1027 1561 1527
1028 1417 1364
1029 552 622
1030 2129 1943
1031 399 481
1032 1904 1731
1033 929 1039
1034 262 95
1035 1331 1338
1036 108 172
1037 218 350
1038 1528 1634
1039 651 687
1040 1552 1446
1041 342 398
1042 1095 1221
1043 936 935
1044 150 223
1045 761 683
1046 71 98
1047 1343 1493
1048 1 34
1049 189 106
1050 758 947
1051 672 674
1052 1013 931
1053 1151 1150
1054 1372 1398
1055 1794 1621
1056 414 446
1057 580 383
1058 575 455
1059 77 125
1060 1380 1485
1061 1748 1778
1062 1896 1883
1063 1446 1282
1064 826 881
1065 1738 1686
1066 885 1073
1067 1918 1721
1068 696 502
1069 1112 979
1070 1538 1489
1071 1696 1823
1072 926 769
1073 657 538
1074 907 990
1075 516 331
1076 452 339
1077 371 473
1078 639 485
1079 362 430
1080 1340 1540
1081 906 902
1082 106 190
1083 797 755
1084 1055 970
1085 951 977
1086 1754 1815
1087 1587 1745
1088 305 322
1089 426 436
1090 680 766
1091 1826 1958
1092 195 99
1093 1182 1236
1094 1716 1861
1095 1011 1179
1096 2057 1968
1097 1107 1279
1098 73 29
1099 129 292
1100 1513 1620
1101 443 285
1102 713 766
1103 374 190
1104 242 325
1105 36 32
1106 1542 1418
1107 1473 1537
1108 1081 1203
1109 374 182
1110 1809 1679
1111 1452 1422
1112 1147 1143
1113 562 563
1114 1579 1731
1115 1395 1488
1116 532 678
1117 1276 1274
1118 900 1064
1119 276 268
1120 1332 1230
1121 1 83
1122 2033 1863
1123 1577 1426
1124 1 53
1125 771 707
1126 190 182
1127 1711 1883
1128 1178 1263
1129 1734 1849
1130 622 564
1131 448 411
1132 1715 1846
1133 2019 1820
1134 1764 1737
1135 1220 1198
1136 884 929
1137 1491 1600
1138 1740 1769
1139 248 172
1140 881 975
1141 451 624
1142 1518 1487
1143 1460 1366
1144 1908 1723
1145 1384 1346
1146 1125 1060
1147 394 376
1148 500 599
1149 610 808
1150 609 743
1151 309 279
1152 682 499
1153 1300 1227
1154 1848 1763
1155 39 98
1156 312 260
1157 603 608
1158 167 222
1159 856 963
1160 1462 1295
1161 595 404
1162 1042 998
1163 593 637
1164 1283 1261
1165 1878 1857
1166 1966 1940
1167 1601 1564
1168 948 918
1169 274 473
1170 128 234
1171 1809 1786
1172 1415 1321
1173 1813 1783
1174 13 6
1175 250 102
1176 48 223
1177 427 531
1178 1108 1231
1179 481 652
1180 523 333
1181 1053 876
1182 984 1076
1183 1210 1026
1184 719 752
1185 72 157
1186 1888 1698
1187 141 6
1188 1086 1104
1189 903 1098
1190 1546 1388
1191 1019 835
1192 939 863
1193 352 194
1194 6 114
1195 1832 1898
1196 607 697
1197 1393 1356
1198 1871 1773
1199 1545 1723
1200 220 100
1201 1808 1659
1202 124 94
1203 1678 1851
1204 314 447
1205 1669 1484
1206 1575 1748
1207 1129 1037
1208 1571 1652
1209 1222 1205
1210 68 132
1211 908 1020
1212 2169 1975
1213 1213 1029
1214 1559 1681
1215 404 300
1216 1365 1494
1217 956 792
1218 73 259
1219 1902 1726
1220 319 280
1221 17 34
1222 1779 1585
1223 309 314
1224 722 560
1225 759 657
1226 1413 1481
1227 1481 1572
1228 684 810
1229 1511 1324
1230 1106 1012
1231 190 297
1232 1134 970
1233 1828 1768
1234 1089 1253
1235 409 417
1236 101 113
1237 921 975
1238 1362 1496
1239 597 572
1240 2033 1881
1241 623 553
1242 1705 1845
1243 252 183
1244 1464 1414
1245 174 181
1246 1177 1115
1247 1490 1382
1248 1500 1364
1249 1749 1790
1250 1355 1511
1251 338 201
1252 1797 1677
1253 703 536
1254 640 701
1255 706 729
1256 1164 1202
1257 338 401
1258 580 667
1259 1174 1289
1260 1089 1119
1261 215 258
1262 514 474
1263 103 215
1264 1619 1785
1265 111 94
1266 1961 1982
1267 1242 1210
1268 1558 1664
1269 613 720
1270 1693 1667
1271 378 307
1272 97 63
1273 1921 1870
1274 963 1136
1275 595 766
1276 1580 1705
1277 510 618
1278 961 885
1279 719 655
1280 99 140
1281 1866 1964
1282 671 718
1283 1293 1239
1284 434 335
1285 620 523
1286 470 655
1287 1760 1647
1288 1644 1636
1289 1410 1443
1290 496 551
1291 492 489
1292 180 88
1293 216 382
1294 976 815
1295 1 68
1296 551 656
1297 747 733
1298 1160 1226
1299 252 118
1300 1844 1804
1301 1694 1566
1302 1925 1988
1303 1687 1585
1304 1258 1366
1305 1435 1269
1306 1 53
1307 1552 1552
1308 1292 1377
1309 1980 1876
1310 968 1053
1311 415 376
1312 1106 1051
1313 2096 1925
1314 346 279
1315 698 570
1316 1070 909
1317 800 940
1318 1591 1544
1319 1227 1165
1320 1222 1351
1321 1267 1303
1322 1698 1550
1323 1882 1942
1324 2044 1991
1325 1256 1151
1326 53 18
1327 1163 1105
1328 1850 1744
1329 1565 1383
1330 903 760
1331 1441 1526
1332 956 1045
1333 926 1065
1334 1403 1388
1335 1616 1527
1336 1021 861
1337 766 814
1338 1852 1781
1339 1765 1694
1340 1837 1742
1341 459 580
1342 1214 1124
1343 374 465
1344 463 372
1345 1627 1671
1346 762 931
1347 1311 1456
1348 722 696
1349 1319 1226
1350 1384 1271