453 -1154 -959 1629 7 520 -526 -1716 -1559 -1598 -596 -1236 1582 1557 -423 -19 497 2220 27 -146 -550 2183 2068 442 -2201 90 -1184 627 -618 -2873 
50596258
-5004 -8820 -4297 12584 -454 -5586 862 -2512 6796 -2125 -1156 -13930 8022 8060 607 -990 -8270 9538 -9898 10948 -1153 -2555 -14038 -786 1533 5005 -5537 -3406 -1781 -4719 -4449 -7919 5551 657 5818 6450 9148 -8739 1603 -4989 -8398 -3793 14822 1776 8927 -7189 4133 237 -6754 4554 
2272042102
-1761 -638 -3173 609 388 1688 -43 -1602 2802 1284 520 7296 2637 -1098 -1768 -2096 -2077 2675 465 3331 100 480 13 1038 -2316 -1203 -1274 1183 -644 -2883 -1148 1231 -1083 2125 -1783 -1681 3932 -35 1592 2781 -2133 1187 465 1876 -593 2077 906 -1093 2085 -55 -1688 -1107 -533 -617 -999 632 -674 973 3358 -176 -633 -1203 -4350 585 -1465 -2133 1241 -1638 1139 2092 
258387876
-2185 4758 2118 -1213 -2843 -6327 2891 11171 -7365 2534 5421 14578 6496 9409 -1319 -394 3714 5269 -131 -71 -13098 -1916 6303 -2122 2742 -4450 -6657 7748 256 13894 1311 -5458 10577 793 -9565 -4055 5679 606 291 6716 50 -191 -10059 -5061 7948 174 -7967 505 2361 2647 3832 -5753 5406 9786 3486 -8134 -663 4688 -925 -148 -1848 6622 1811 5991 -5399 9243 -5399 -845 -2336 -5408 5598 -10932 -9448 -9090 -826 -10612 -3145 2292 3378 6079 -5246 -5642 1484 5754 776 -8465 2285 -5842 12150 -1719 
3228097671
-6515 -12554 2471 -1282 1879 -4673 8568 5759 5756 -14499 -6729 -11491 -1402 195 -6630 3556 6571 1470 11063 -1030 -10286 -5221 -3576 1654 6825 -2202 7205 -7077 800 -5903 -3722 1557 9302 14439 15205 3230 -3514 5460 1065 3426 1206 1208 17162 -4388 -664 7608 -11440 -9875 -3629 -5802 7057 -10174 -11894 1952 -1718 12182 6315 -3928 4022 -2202 -8256 -16851 10614 -8734 4832 -284 -1146 -8805 3159 -4620 -4309 -2790 6240 -6041 4641 1886 885 22504 -4756 -1014 229 -1653 -5912 -14602 -4899 -8515 -4209 -13058 -9061 7016 -17120 -6348 12098 3072 -1457 -5067 830 -9728 -12366 -13541 
6057767344
