1
1850
961796
1 146 71
2 1672 1896
3 2134 2367
4 56 190
5 329 113
6 1901 1874
7 674 622
8 1055 986
9 2228 2323
10 1076 963
11 2051 2089
12 203 325
13 1513 1500
14 925 776
15 2118 2123
16 2164 2356
17 746 805
18 934 1047
19 1958 2145
20 775 639
21 445 247
22 903 711
23 685 600
24 1 127
25 1113 1260
26 2499 2276
27 1472 1475
28 1037 937
29 2230 2101
30 1592 1781
31 134 251
32 1092 1030
33 1566 1740
34 1406 1248
35 1099 1268
36 1113 1031
37 196 113
38 1703 1881
39 194 367
40 1287 1212
41 2043 1910
42 654 657
43 2350 2324
44 823 742
45 825 972
46 1990 2222
47 954 775
48 2320 2371
49 1548 1337
50 1336 1385
51 1161 1204
52 651 594
53 2164 2226
54 108 226
55 1253 1421
56 2281 2037
57 1928 2112
58 630 459
59 450 392
60 822 709
61 2186 1940
62 599 443
63 292 79
64 942 922
65 733 861
66 1657 1447
67 1133 1361
68 2341 2437
69 1363 1254
70 2200 2372
71 2294 2136
72 2084 1959
73 565 390
74 1528 1641
75 1167 1111
76 483 588
77 674 506
78 1 155
79 85 223
80 2177 2223
81 792 667
82 2339 2329
83 2714 2487
84 1486 1590
85 1081 870
86 1787 1823
87 2082 2173
88 955 1056
89 2360 2477
90 2177 2181
91 1706 1689
92 1817 1933
93 1274 1309
94 1 87
95 520 686
96 1708 1466
97 781 856
98 564 784
99 139 362
100 1135 1223
101 608 541
102 976 1061
103 1557 1416
104 658 562
105 1206 1205
106 1270 1152
107 1965 1913
108 498 267
109 291 249
110 610 687
111 1262 1174
112 2512 2439
113 2172 2019
114 153 56
115 219 381
116 342 551
117 1026 1128
118 1626 1812
119 2001 1753
120 1128 1044
121 85 184
122 1901 1830
123 1351 1225
124 254 330
125 2185 2115
126 229 38
127 2044 1945
128 1732 1619
129 1252 1148
130 1576 1396
131 1092 1158
132 493 306
133 2478 2306
134 1901 1800
135 824 612
136 1613 1854
137 1810 1800
138 1757 1674
139 1038 1251
140 1416 1626
141 1257 1103
142 2269 2165
143 446 209
144 2055 1808
145 2179 2308
146 1859 1677
147 562 363
148 1865 1792
149 2435 2444
150 2061 2295
151 2223 2413
152 1610 1572
153 1804 1821
154 2317 2481
155 1110 1297
156 1419 1507
157 1791 1715
158 1590 1512
159 630 392
160 2036 2076
161 1483 1522
162 1093 1143
163 663 866
164 846 1074
165 370 508
166 234 243
167 1744 1776
168 80 326
169 866 694
170 1492 1662
171 608 517
172 799 654
173 899 1129
174 1136 1162
175 1429 1623
176 866 682
177 1599 1554
178 508 421
179 1871 1685
180 1347 1470
181 1605 1577
182 212 264
183 919 1124
184 2096 1961
185 1110 1055
186 319 254
187 781 880
188 1536 1421
189 1941 1809
190 693 680
191 838 1054
192 1094 1062
193 779 573
194 1277 1068
195 1595 1537
196 2352 2410
197 1292 1132
198 238 211
199 1097 1067
200 2427 2263
201 773 568
202 1936 2181
203 2029 1814
204 1 14
205 1364 1326
206 1657 1541
207 1637 1409
208 1 192
209 1847 2059
210 1864 1852
211 1081 1178
212 1210 1385
213 456 596
214 2605 2400
215 823 911
216 2310 2246
217 1 35
218 2026 2082
219 2503 2399
220 842 912
221 109 136
222 2037 1983
223 2142 2360
224 669 620
225 2399 2370
226 1861 1808
227 722 504
228 2181 2391
229 1127 1310
230 1393 1319
231 1925 1958
232 1077 1209
233 1332 1217
234 2179 2359
235 1358 1395
236 2220 2419
237 108 4
238 549 588
239 700 719
240 989 823
241 2367 2341
242 288 465
243 2431 2359
244 468 456
245 2219 2260
246 1953 2135
247 614 390
248 2161 2280
249 1618 1496
250 1 1
251 1726 1906
252 2074 2171
253 1888 1937
254 1851 1664
255 1229 1142
256 173 376
257 2239 2265
258 2044 2262
259 946 819
260 388 280
261 842 1041
262 1821 2033
263 1777 1720
264 1628 1387
265 160 407
266 650 551
267 170 232
268 1348 1469
269 218 179
270 1 228
271 1497 1668
272 918 1154
273 1071 1048
274 1249 1049
275 1460 1260
276 1909 2112
277 242 450
278 2231 2425
279 21 240
280 714 875
281 1418 1375
282 2192 2299
283 2253 2469
284 611 715
285 544 435
286 1083 1148
287 488 515
288 898 851
289 454 582
290 712 532
291 2209 2401
292 1254 1402
293 321 494
294 334 266
295 173 102
296 2632 2494
297 1112 1147
298 1309 1418
299 674 628
300 1763 1719
301 2418 2337
302 1192 1340
303 727 941
304 2379 2315
305 2343 2109
306 387 343
307 1409 1616
308 957 1032
309 1055 1022
310 1412 1397
311 379 514
312 1025 986
313 1475 1388
314 2489 2259
315 2565 2323
316 928 1176
317 2244 2419
318 2100 2067
319 1548 1503
320 1600 1556
321 2291 2216
322 2165 2319
323 1319 1471
324 180 17
325 316 105
326 214 153
327 295 140
328 1091 886
329 1 192
330 1712 1819
331 1933 2060
332 911 1142
333 380 196
334 1504 1258
335 217 250
336 802 639
337 811 872
338 641 632
339 293 356
340 1903 1953
341 1 3
342 1321 1539
343 797 819
344 1521 1626
345 516 430
346 447 598
347 900 696
348 920 1097
349 1736 1697
350 982 1052
351 853 652
352 905 1125
353 381 591
354 1 46
355 914 817
356 1006 813
357 1609 1589
358 258 283
359 434 417
360 1811 1806
361 1093 912
362 1942 2011
363 1226 1168
364 1415 1258
365 2279 2392
366 668 646
367 573 614
368 426 505
369 1461 1489
370 768 728
371 510 631
372 175 199
373 1874 1886
374 1395 1229
375 1572 1621
376 2276 2371
377 1078 1074
378 604 495
379 1927 2174
380 1007 1255
381 346 352
382 1667 1588
383 1133 1176
384 2557 2435
385 2504 2325
386 1 167
387 1239 1050
388 2208 2457
389 285 478
390 1871 1892
391 1091 942
392 2181 1991
393 1176 988
394 870 866
395 2167 2123
396 1221 1086
397 309 70
398 1483 1686
399 1838 1814
400 409 163
401 628 619
402 529 774
403 52 74
404 1096 1161
405 512 386
406 722 741
407 883 1041
408 1152 1152
409 1833 1643
410 684 631
411 1990 2047
412 1212 1074
413 1570 1729
414 1850 1775
415 1547 1787
416 1619 1661
417 1382 1320
418 1863 1815
419 73 199
420 715 709
421 1603 1458
422 1696 1823
423 1442 1286
424 978 1221
425 1885 1907
426 143 243
427 1520 1685
428 2348 2343
429 820 794
430 1260 1024
431 1581 1733
432 2231 2341
433 369 491
434 2311 2427
435 1303 1393
436 889 896
437 378 525
438 1450 1547
439 1774 1638
440 787 590
441 1236 1090
442 1696 1506
443 820 615
444 510 565
445 1205 1420
446 2520 2468
447 2022 1839
448 1028 828
449 199 52
450 943 1145
451 1901 1991
452 774 763
453 444 223
454 864 993
455 2039 1935
456 2457 2359
457 1567 1718
458 1891 2035
459 776 656
460 1143 1364
461 1664 1815
462 1778 1880
463 1213 1080
464 122 17
465 984 984
466 1195 1427
467 1421 1175
468 511 336
469 1632 1744
470 45 172
471 615 582
472 1098 1052
473 2639 2487
474 1653 1855
475 1923 2047
476 2011 2236
477 1282 1256
478 71 108
479 1039 1153
480 1240 1191
481 391 286
482 470 654
483 2485 2475
484 1755 1972
485 1343 1585
486 622 729
487 2129 2154
488 595 469
489 994 1020
490 2071 2270
491 1307 1162
492 440 590
493 1972 1754
494 2141 2267
495 1923 1723
496 1008 928
497 1843 2015
498 51 137
499 1282 1493
500 103 208
501 1205 1078
502 883 792
503 125 349
504 1643 1719
505 1205 1281
506 1684 1591
507 2260 2263
508 1928 1745
509 1436 1382
510 379 534
511 278 108
512 724 852
513 827 646
514 2290 2441
515 1881 2015
516 1404 1207
517 1493 1270
518 332 356
519 138 262
520 2382 2181
521 1917 1931
522 1973 2071
523 1425 1211
524 512 553
525 876 895
526 1042 1289
527 338 121
528 340 381
529 2326 2444
530 344 462
531 1644 1882
532 1848 1869
533 2148 2145
534 1357 1323
535 2553 2488
536 585 467
537 876 1021
538 889 985
539 1577 1379
540 518 478
541 1481 1274
542 2709 2491
543 1353 1286
544 634 776
545 728 839
546 1186 1315
547 2277 2050
548 1909 1978
549 715 840
550 2111 1914
551 2261 2373
552 1180 1293
553 2313 2452
554 1407 1495
555 432 233
556 864 888
557 1115 1041
558 968 1073
559 2221 2283
560 1343 1434
561 278 430
562 1606 1654
563 1413 1623
564 2399 2362
565 1966 2030
566 2168 2104
567 1528 1279
568 2188 1959
569 376 323
570 797 843
571 1371 1246
572 1869 1883
573 807 727
574 2569 2323
575 38 32
576 1124 1126
577 1667 1666
578 744 824
579 2395 2361
580 1715 1706
581 370 503
582 1106 919
583 2085 2195
584 1443 1445
585 2588 2470
586 608 757
587 192 41
588 1607 1852
589 202 137
590 2210 2192
591 77 41
592 641 880
593 701 722
594 203 52
595 1842 1656
596 1 112
597 1208 1364
598 548 699
599 1933 1826
600 1530 1652
601 1922 1974
602 2545 2358
603 1688 1480
604 1271 1082
605 2366 2369
606 1825 1597
607 686 633
608 1000 860
609 2319 2215
610 487 480
611 2044 2152
612 2126 2266
613 627 736
614 1347 1146
615 1 50
616 535 310
617 963 887
618 2445 2450
619 1802 1594
620 1984 1953
621 61 299
622 365 530
623 2392 2422
624 2408 2202
625 1633 1835
626 1450 1420
627 659 573
628 249 455
629 1671 1472
630 1547 1462
631 2093 1892
632 747 505
633 1205 987
634 616 469
635 1940 1735
636 2012 1869
637 950 954
638 1986 2070
639 732 790
640 754 683
641 1683 1693
642 460 374
643 1902 1842
644 2162 2191
645 1829 1911
646 531 531
647 983 1040
648 1847 1788
649 1296 1352
650 647 742
651 2484 2446
652 47 142
653 567 406
654 249 470
655 1049 843
656 1 137
657 315 166
658 1031 956
659 2058 2209
660 297 526
661 1803 1889
662 2381 2359
663 674 669
664 1557 1423
665 1062 1062
666 1672 1478
667 391 288
668 1656 1596
669 754 804
670 1 6
671 1764 1587
672 778 826
673 1631 1561
674 315 226
675 1934 2124
676 1428 1337
677 1908 1927
678 1274 1223
679 497 693
680 1627 1819
681 2111 2164
682 419 620
683 494 330
684 806 679
685 1278 1367
686 1057 1293
687 376 415
688 1664 1605
689 1 143
690 475 354
691 22 220
692 1933 1746
693 1464 1425
694 1 10
695 1171 1291
696 1861 1938
697 2342 2370
698 2047 2285
699 1089 1054
700 1610 1556
701 2316 2135
702 657 796
703 1022 1079
704 2418 2374
705 1699 1815
706 2020 1770
707 75 281
708 119 111
709 795 777
710 727 954
711 588 366
712 1 106
713 1311 1529
714 1593 1621
715 451 677
716 522 594
717 1412 1273
718 2171 2391
719 378 611
720 1704 1889
721 1457 1513
722 842 994
723 331 536
724 945 995
725 1356 1353
726 810 1044
727 1995 2160
728 1090 1122
729 420 252
730 1375 1192
731 2216 2435
732 1084 1185
733 2367 2420
734 1200 1253
735 2344 2239
736 1 110
737 2009 2110
738 2354 2324
739 2434 2422
740 2228 2114
741 1390 1353
742 1 120
743 751 855
744 1318 1402
745 718 839
746 802 785
747 2116 2224
748 1114 1165
749 640 601
750 1110 1079
751 1019 895
752 484 302
753 825 581
754 1140 1277
755 1276 1478
756 1499 1272
757 2307 2360
758 1135 1253
759 846 956
760 1979 1798
761 1889 1711
762 1081 1244
763 1673 1564
764 1509 1418
765 1232 1291
766 2250 2073
767 838 866
768 1492 1280
769 436 279
770 1740 1912
771 1 67
772 206 394
773 923 834
774 1252 1328
775 1786 1919
776 1985 1758
777 1531 1559
778 519 375
779 2071 1971
780 1872 1673
781 1311 1487
782 1340 1194
783 649 710
784 749 687
785 1181 1411
786 2091 2039
787 1652 1821
788 255 234
789 346 500
790 1341 1272
791 1174 1237
792 298 222
793 2354 2492
794 621 776
795 47 188
796 2457 2480
797 2308 2172
798 152 395
799 2034 2118
800 1445 1201
801 1475 1553
802 721 959
803 1903 2112
804 1677 1706
805 1984 2173
806 1181 1007
807 1812 1980
808 516 487
809 320 321
810 1817 2048
811 2066 1997
812 96 1
813 1098 898
814 1748 1783
815 1916 2141
816 1438 1205
817 1413 1386
818 1649 1860
819 2150 2195
820 954 1196
821 1330 1373
822 1994 1823
823 599 352
824 2085 1880
825 1854 1955
826 702 870
827 291 120
828 1 7
829 483 562
830 968 979
831 965 1184
832 1802 1764
833 2635 2425
834 1 173
835 528 739
836 1092 1150
837 303 545
838 549 368
839 204 203
840 538 533
841 175 137
842 391 451
843 1552 1655
844 115 302
845 2316 2143
846 830 971
847 1664 1724
848 1618 1660
849 1789 1739
850 1759 1599
851 1 173
852 1915 1940
853 1213 1153
854 2037 2155
855 1191 988
856 1493 1634
857 775 623
858 1141 1371
859 422 208
860 788 602
861 2360 2289
862 1437 1203
863 410 295
864 2298 2307
865 627 547
866 2055 1825
867 1605 1359
868 637 756
869 1417 1328
870 1491 1544
871 2261 2490
872 1240 1311
873 58 226
874 395 569
875 1031 1004
876 2330 2387
877 722 809
878 1563 1678
879 235 134
880 2282 2072
881 893 749
882 836 789
883 554 594
884 1041 979
885 2285 2246
886 2557 2322
887 1022 1107
888 2584 2496
889 1504 1681
890 1783 1934
891 2012 2255
892 792 806
893 2229 2471
894 590 613
895 477 273
896 1062 1291
897 2319 2302
898 294 312
899 426 542
900 645 734
901 434 667
902 572 783
903 430 181
904 1693 1850
905 2351 2496
906 1553 1794
907 240 33
908 2365 2162
909 2086 2154
910 1194 955
911 170 416
912 225 68
913 1575 1429
914 133 141
915 261 379
916 2252 2456
917 1661 1888
918 616 744
919 1566 1702
920 310 511
921 948 752
922 2099 2156
923 1166 1374
924 2189 2306
925 2489 2346
926 2540 2341
927 1994 2066
928 370 355
929 211 347
930 2180 2350
931 1 81
932 1920 1852
933 931 821
934 86 56
935 2029 2252
936 919 861
937 2465 2253
938 2140 2297
939 1864 1826
940 526 540
941 1433 1363
942 279 235
943 1012 1049
944 1292 1280
945 1975 1955
946 2194 2060
947 138 272
948 1953 1729
949 617 576
950 928 1005
951 221 120
952 1200 1291
953 1897 1721
954 716 597
955 1452 1229
956 936 843
957 565 802
958 2238 2188
959 2610 2428
960 305 516
961 852 1042
962 996 1118
963 1174 1012
964 1370 1552
965 1150 1272
966 70 320
967 788 718
968 2321 2113
969 1319 1499
970 1402 1279
971 285 494
972 667 708
973 72 271
974 504 341
975 1 58
976 2567 2413
977 1948 1935
978 340 382
979 2410 2292
980 1741 1682
981 824 1002
982 645 504
983 290 250
984 418 371
985 1923 1780
986 953 992
987 677 803
988 2109 2097
989 1883 1889
990 353 506
991 2152 2060
992 1790 1901
993 786 574
994 520 577
995 240 438
996 730 844
997 241 280
998 1094 966
999 1874 1748
1000 419 306
1001 1257 1062
1002 2081 2256
1003 124 22
1004 1356 1156
1005 682 588
1006 1188 1063
1007 771 847
1008 1190 1371
1009 2622 2495
1010 1475 1358
1011 47 192
1012 963 756
1013 2320 2494
1014 1800 1910
1015 1636 1856
1016 2024 2184
1017 1857 1980
1018 2709 2490
1019 770 729
1020 484 452
1021 1138 1068
1022 683 811
1023 1 89
1024 1567 1364
1025 2135 1920
1026 1417 1639
1027 869 1027
1028 526 364
1029 1 122
1030 237 443
1031 2729 2481
1032 217 231
1033 1293 1539
1034 1746 1595
1035 2243 2338
1036 375 172
1037 450 350
1038 1437 1634
1039 2080 2187
1040 1835 1946
1041 274 398
1042 7 221
1043 1404 1435
1044 2253 2223
1045 2080 2183
1046 541 598
1047 256 493
1048 2046 2034
1049 1401 1606
1050 1953 1947
1051 1553 1674
1052 359 431
1053 1817 1650
1054 1629 1398
1055 1269 1121
1056 2048 1946
1057 2308 2383
1058 2056 1955
1059 1589 1625
1060 883 985
1061 1292 1278
1062 1434 1383
1063 2359 2282
1064 2533 2381
1065 905 686
1066 1945 2073
1067 1214 1221
1068 383 502
1069 1601 1479
1070 1206 989
1071 1627 1823
1072 951 769
1073 2196 2038
1074 1603 1490
1075 869 831
1076 1322 1339
1077 1668 1473
1078 2046 1985
1079 671 430
1080 300 540
1081 2129 1902
1082 1245 1190
1083 1842 1755
1084 1261 1470
1085 1033 977
1086 1111 1315
1087 1909 1745
1088 2529 2322
1089 1369 1436
1090 449 266
1091 528 458
1092 2327 2099
1093 361 236
1094 1467 1361
1095 1400 1179
1096 2084 1968
1097 847 779
1098 306 529
1099 1634 1792
1100 54 120
1101 1220 1285
1102 107 266
1103 1358 1190
1104 1183 1325
1105 412 532
1106 1392 1418
1107 2132 2037
1108 481 703
1109 143 182
1110 359 179
1111 1705 1922
1112 386 143
1113 2098 2063
1114 551 731
1115 2638 2488
1116 958 1178
1117 565 774
1118 516 564
1119 739 768
1120 1872 1730
1121 1 83
1122 1870 1863
1123 1666 1426
1124 1551 1553
1125 535 707
1126 99 182
1127 1563 1383
1128 1700 1763
1129 1379 1349
1130 1446 1564
1131 948 911
1132 1099 1346
1133 1213 1320
1134 1014 1237
1135 2147 2198
1136 292 429
1137 797 600
1138 1033 1269
1139 1427 1672
1140 2346 2475
1141 2193 2124
1142 848 987
1143 1498 1366
1144 63 223
1145 1383 1346
1146 1398 1560
1147 2051 1876
1148 1540 1599
1149 1061 1308
1150 1619 1743
1151 1025 779
1152 428 499
1153 893 727
1154 2251 2263
1155 1330 1098
1156 675 760
1157 2020 2108
1158 1522 1722
1159 309 463
1160 1704 1795
1161 1589 1404
1162 988 998
1163 2359 2137
1164 1896 1761
1165 1712 1857
1166 391 440
1167 1308 1064
1168 612 418
1169 2241 2473
1170 280 234
1171 1424 1286
1172 2334 2321
1173 1201 1283
1174 365 506
1175 691 602
1176 1 223
1177 760 531
1178 2184 2231
1179 1891 1652
1180 2165 2333
1181 1846 1876
1182 2253 2076
1183 846 1026
1184 122 252
1185 648 657
1186 2447 2198
1187 1082 1006
1188 350 104
1189 1 98
1190 1785 1888
1191 887 835
1192 417 363
1193 1779 1694
1194 1 114
1195 1302 1398
1196 1519 1697
1197 2287 2356
1198 907 773
1199 1516 1723
1200 1315 1100
1201 275 159
1202 2309 2094
1203 2194 2351
1204 1069 947
1205 1103 984
1206 2441 2248
1207 27 37
1208 795 652
1209 2030 2205
1210 1190 1132
1211 122 20
1212 2448 2475
1213 45 29
1214 1748 1681
1215 921 800
1216 2041 1994
1217 43 292
1218 1972 1759
1219 690 726
1220 1124 1280
1221 730 534
1222 1991 2085
1223 1260 1314
1224 484 560
1225 1611 1657
1226 1276 1481
1227 855 1072
1228 2169 2310
1229 1600 1824
1230 1544 1512
1231 2361 2297
1232 1514 1470
1233 1791 1768
1234 2017 2253
1235 1185 1417
1236 810 613
1237 1489 1475
1238 826 996
1239 2036 2072
1240 2006 1881
1241 1685 1553
1242 1300 1345
1243 129 183
1244 1751 1914
1245 1402 1181
1246 1 115
1247 2500 2382
1248 1972 1864
1249 798 790
1250 2024 2011
1251 2154 2201
1252 652 677
1253 2176 2036
1254 1633 1701
1255 648 729
1256 442 202
1257 616 401
1258 1220 1167
1259 700 789
1260 1347 1119
1261 2468 2258
1262 2404 2474
1263 2340 2215
1264 540 785
1265 1844 2094
1266 319 482
1267 1656 1710
1268 717 664
1269 687 720
1270 2077 2167
1271 348 307
1272 1313 1563
1273 1325 1370
1274 350 136
1275 1456 1266
1276 625 705
1277 1554 1618
1278 1846 1885
1279 1557 1655
1280 505 640
1281 558 464
1282 430 218
1283 1964 1739
1284 800 835
1285 867 1023
1286 1 155
1287 242 147
1288 2187 2136
1289 2493 2443
1290 1256 1051
1291 1906 1989
1292 1181 1088
1293 2522 2382
1294 480 315
1295 1907 2068
1296 1049 1156
1297 1548 1733
1298 580 726
1299 348 118
1300 1694 1804
1301 332 566
1302 2253 2488
1303 2105 2085
1304 751 866
1305 1599 1769
1306 938 1053
1307 670 552
1308 1501 1377
1309 750 876
1310 689 553
1311 371 376
1312 2033 2051
1313 1722 1925
1314 606 779
1315 1502 1570
1316 2562 2409
1317 1362 1440
1318 1497 1544
1319 2067 2165
1320 2353 2351
1321 103 303
1322 1901 2050
1323 2479 2442
1324 324 491
1325 1202 1151
1326 2143 2018
1327 1492 1605
1328 284 244
1329 953 883
1330 463 260
1331 1056 1026
1332 426 545
1333 2131 2065
1334 1184 1388
1335 2250 2027
1336 2197 2361
1337 1888 1814
1338 557 781
1339 762 694
1340 936 742
1341 1330 1580
1342 1 124
1343 2270 2465
1344 1057 872
1345 1509 1671
1346 857 931
1347 1020 956
1348 855 696
1349 2473 2226
1350 122 271
1351 2175 2255
1352 2564 2439
1353 622 717
1354 1115 1159
1355 2499 2285
1356 1301 1182
1357 1702 1634
1358 1167 1057
1359 671 597
1360 1280 1085
1361 1962 1829
1362 1180 1194
1363 2276 2414
1364 781 918
1365 432 559
1366 1814 1943
1367 884 656
1368 1355 1529
1369 1051 920
1370 934 1168
1371 1000 1072
1372 1486 1523
1373 1582 1342
1374 1160 1185
1375 425 598
1376 2166 2113
1377 152 198
1378 836 801
1379 1316 1133
1380 1399 1179
1381 1639 1774
1382 1660 1777
1383 104 284
1384 2117 1899
1385 788 612
1386 1801 1707
1387 2501 2265
1388 1658 1565
1389 527 727
1390 975 1017
1391 2605 2382
1392 495 255
1393 2559 2486
1394 1813 1985
1395 1923 1721
1396 562 747
1397 659 521
1398 489 440
1399 327 89
1400 2110 2082
1401 1504 1500
1402 1542 1349
1403 1988 2029
1404 773 585
1405 330 573
1406 1220 1409
1407 2015 1822
1408 624 731
1409 482 720
1410 1437 1342
1411 916 750
1412 412 583
1413 1167 1204
1414 2159 2085
1415 1511 1393
1416 1997 2224
1417 2302 2440
1418 2259 2018
1419 2039 1800
1420 789 953
1421 308 265
1422 908 884
1423 800 937
1424 1760 1817
1425 1253 1036
1426 2329 2328
1427 1228 1068
1428 363 186
1429 2594 2474
1430 1039 912
1431 1823 1858
1432 116 235
1433 811 833
1434 1876 1805
1435 1871 1706
1436 2204 2051
1437 39 266
1438 2390 2168
1439 1200 1177
1440 981 1093
1441 1429 1499
1442 279 266
1443 168 127
1444 1279 1336
1445 892 719
1446 234 153
1447 42 77
1448 1790 1562
1449 1082 1035
1450 69 191
1451 1009 803
1452 2365 2466
1453 2410 2417
1454 882 694
1455 1051 1049
1456 1143 1367
1457 2278 2312
1458 257 137
1459 1718 1499
1460 937 753
1461 833 1004
1462 2501 2263
1463 252 162
1464 1665 1652
1465 1272 1352
1466 2200 2364
1467 1674 1690
1468 1421 1542
1469 1410 1425
1470 1653 1469
1471 1528 1432
1472 350 268
1473 652 451
1474 21 40
1475 950 816
1476 351 593
1477 141 244
1478 970 795
1479 1512 1741
1480 1868 1848
1481 2003 1911
1482 2065 1887
1483 149 313
1484 1042 899
1485 1129 1062
1486 877 935
1487 42 116
1488 457 658
1489 1782 1561
1490 2243 2108
1491 1417 1377
1492 915 1104
1493 310 260
1494 2342 2328
1495 1 166
1496 810 859
1497 1310 1429
1498 1518 1321
1499 326 547
1500 1653 1526
1501 2161 2169
1502 1030 841
1503 1506 1435
1504 1941 2019
1505 227 45
1506 756 853
1507 759 740
1508 561 787
1509 1487 1251
1510 911 823
1511 708 569
1512 2132 2182
1513 1249 1096
1514 1206 986
1515 2433 2491
1516 731 562
1517 576 565
1518 78 26
1519 2013 1899
1520 847 966
1521 2064 2240
1522 1681 1794
1523 1847 2047
1524 358 601
1525 611 481
1526 2493 2440
1527 1308 1186
1528 2033 1894
1529 1350 1336
1530 2025 2029
1531 853 678
1532 1427 1230
1533 597 751
1534 1 91
1535 2242 2470
1536 1640 1512
1537 45 77
1538 1888 1784
1539 2127 2339
1540 2244 2029
1541 1138 1183
1542 146 278
1543 2143 2289
1544 1 82
1545 880 871
1546 347 547
1547 1149 985
1548 930 908
1549 404 330
1550 2549 2304
1551 1738 1837
1552 413 483
1553 936 1069
1554 958 963
1555 858 961
1556 1940 1693
1557 854 724
1558 2519 2290
1559 52 253
1560 1141 1106
1561 2064 2004
1562 1533 1340
1563 2038 2126
1564 1344 1523
1565 1702 1574
1566 1 72
1567 1891 2080
1568 2553 2480
1569 1043 951
1570 649 799
1571 1343 1219
1572 1369 1169
1573 1476 1701
1574 899 796
1575 423 220
1576 2704 2494
1577 2345 2160
1578 121 91
1579 1160 1394
1580 233 260
1581 398 396
1582 1671 1916
1583 287 527
1584 313 324
1585 1995 2239
1586 1910 1871
1587 828 922
1588 1 115
1589 346 329
1590 2147 2135
1591 1922 2128
1592 2136 2130
1593 1762 1865
1594 619 517
1595 2318 2273
1596 1337 1241
1597 1004 1183
1598 1229 1356
1599 341 362
1600 1275 1466
1601 2338 2334
1602 1348 1387
1603 2667 2466
1604 1625 1832
1605 2394 2429
1606 317 424
1607 1642 1826
1608 724 762
1609 2274 2095
1610 1305 1289
1611 2333 2111
1612 2250 2111
1613 207 116
1614 1828 1687
1615 2291 2420
1616 1642 1782
1617 2126 1999
1618 1435 1389
1619 1411 1519
1620 2268 2201
1621 62 151
1622 1006 835
1623 1969 2186
1624 563 507
1625 1169 1288
1626 1684 1448
1627 2200 2004
1628 691 447
1629 1525 1718
1630 556 582
1631 1142 1147
1632 937 864
1633 296 150
1634 1838 1887
1635 1130 996
1636 2477 2401
1637 1439 1430
1638 655 703
1639 1788 1921
1640 1498 1375
1641 393 195
1642 1501 1662
1643 1732 1607
1644 1736 1620
1645 974 1185
1646 2679 2485
1647 2313 2070
1648 774 712
1649 2200 2388
1650 2472 2398
1651 779 1007
1652 1481 1700
1653 2317 2411
1654 776 825
1655 1413 1165
1656 2078 2244
1657 2218 2185
1658 1338 1143
1659 2295 2438
1660 64 142
1661 1 78
1662 2368 2311
1663 966 936
1664 2228 2075
1665 2326 2265
1666 254 501
1667 268 30
1668 1509 1726
1669 2013 1928
1670 289 65
1671 320 502
1672 342 253
1673 2137 2144
1674 1251 1150
1675 312 155
1676 1814 1849
1677 1080 1180
1678 1553 1409
1679 1177 1002
1680 952 871
1681 2105 2239
1682 209 145
1683 698 715
1684 1042 1215
1685 1808 1861
1686 849 686
1687 2303 2166
1688 2175 1942
1689 581 828
1690 2372 2264
1691 1796 1764
1692 689 585
1693 2591 2388
1694 1676 1583
1695 416 349
1696 1803 1730
1697 1841 1760
1698 2393 2386
1699 2038 1908
1700 451 687
1701 385 553
1702 65 237
1703 1405 1436
1704 284 116
1705 513 500
1706 370 336
1707 366 495
1708 1711 1467
1709 167 377
1710 2177 2244
1711 2596 2347
1712 1759 1811
1713 1903 1996
1714 315 259
1715 2360 2399
1716 325 99
1717 1827 2048
1718 375 382
1719 2502 2436
1720 1 145
1721 515 632
1722 2113 1952
1723 63 149
1724 1860 2090
1725 551 800
1726 671 909
1727 637 825
1728 1864 2074
1729 2323 2486
1730 228 349
1731 1796 1706
1732 481 478
1733 1716 1491
1734 1328 1264
1735 580 761
1736 1874 2003
1737 1670 1845
1738 2453 2289
1739 600 562
1740 2177 2077
1741 2080 2112
1742 1008 1210
1743 2003 1827
1744 888 1003
1745 158 390
1746 2079 1931
1747 2587 2378
1748 1503 1367
1749 600 401
1750 260 320
1751 1838 1985
1752 504 585
1753 490 446
1754 498 330
1755 1196 1306
1756 1220 1314
1757 890 929
1758 2171 1954
1759 2552 2365
1760 1324 1310
1761 765 713
1762 514 519
1763 865 819
1764 1 36
1765 214 2
1766 1079 1086
1767 1017 1250
1768 213 411
1769 1776 1619
1770 1481 1665
1771 1399 1593
1772 1579 1388
1773 2344 2164
1774 1870 1942
1775 459 563
1776 2448 2208
1777 699 474
1778 957 867
1779 247 105
1780 144 65
1781 2249 2131
1782 1 101
1783 1132 1041
1784 2195 2061
1785 1938 1861
1786 1362 1151
1787 1915 2059
1788 58 236
1789 1783 1632
1790 1295 1441
1791 1947 1848
1792 857 808
1793 1282 1358
1794 739 607
1795 1077 1256
1796 2220 2308
1797 2453 2252
1798 102 290
1799 2424 2338
1800 2322 2247
1801 2352 2155
1802 2103 2223
1803 1893 1732
1804 1112 1220
1805 43 201
1806 677 772
1807 656 594
1808 2169 1921
1809 291 288
1810 2476 2325
1811 1 143
1812 413 650
1813 2349 2143
1814 2163 2308
1815 2116 2057
1816 414 213
1817 274 270
1818 79 238
1819 1389 1548
1820 452 414
1821 1810 1968
1822 2035 1827
1823 2448 2395
1824 2226 2269
1825 1520 1464
1826 1485 1458
1827 1745 1784
1828 1422 1408
1829 903 1050
1830 848 812
1831 802 562
1832 742 680
1833 1173 1421
1834 1393 1200
1835 771 550
1836 1194 1348
1837 986 1193
1838 788 1034
1839 1615 1597
1840 2179 2067
1841 1596 1455
1842 1 153
1843 1420 1541
1844 223 301
1845 419 353
1846 927 990
1847 1460 1277
1848 415 411
1849 594 761
1850 2437 2344