1
2000
768457
1 201 101
2 319 119
3 2096 1896
4 1387 1187
5 1567 1367
6 1197 997
7 1890 1690
8 1222 1022
9 1813 1613
10 547 347
11 1074 874
12 1722 1522
13 322 122
14 930 730
15 1686 1486
16 905 705
17 2023 1823
18 1432 1232
19 663 463
20 1754 1554
21 789 589
22 1875 1675
23 1525 1325
24 2170 1970
25 2200 2000
26 1607 1407
27 1976 1776
28 476 276
29 323 123
30 1531 1331
31 1556 1356
32 561 361
33 505 305
34 1998 1798
35 247 47
36 627 427
37 1845 1645
38 1639 1439
39 339 139
40 1291 1091
41 1447 1247
42 1850 1650
43 1411 1211
44 210 10
45 300 100
46 2038 1838
47 827 627
48 1925 1725
49 1960 1760
50 2043 1843
51 976 776
52 337 137
53 675 475
54 1177 977
55 1137 937
56 1918 1718
57 301 101
58 1299 1099
59 481 281
60 809 609
61 1951 1751
62 2019 1819
63 1730 1530
64 297 97
65 1440 1240
66 1175 975
67 448 248
68 1426 1226
69 1968 1768
70 441 241
71 231 31
72 1784 1584
73 1813 1613
74 1548 1348
75 2081 1881
76 1675 1475
77 1567 1367
78 1378 1178
79 912 712
80 1841 1641
81 1610 1410
82 1098 898
83 357 157
84 450 250
85 1024 824
86 1591 1391
87 442 242
88 301 101
89 1672 1472
90 1836 1636
91 1922 1722
92 1287 1087
93 975 775
94 852 652
95 571 371
96 2067 1867
97 1537 1337
98 254 54
99 1085 885
100 1709 1509
101 404 204
102 1189 989
103 1794 1594
104 1329 1129
105 1426 1226
106 797 597
107 1426 1226
108 713 513
109 1121 921
110 1401 1201
111 1737 1537
112 1427 1227
113 1312 1112
114 282 82
115 1159 959
116 496 296
117 592 392
118 2002 1802
119 1909 1709
120 1737 1537
121 2140 1940
122 1143 943
123 2143 1943
124 1197 997
125 279 79
126 1842 1642
127 1122 922
128 405 205
129 561 361
130 1751 1551
131 2147 1947
132 2104 1904
133 1061 861
134 1600 1400
135 2137 1937
136 1450 1250
137 1954 1754
138 786 586
139 2072 1872
140 831 631
141 836 636
142 1952 1752
143 1659 1459
144 1710 1510
145 590 390
146 1742 1542
147 1341 1141
148 1776 1576
149 311 111
150 750 550
151 788 588
152 1704 1504
153 206 6
154 902 702
155 1355 1155
156 220 20
157 923 723
158 1379 1179
159 923 723
160 1970 1770
161 867 667
162 295 95
163 1029 829
164 1798 1598
165 1687 1487
166 1085 885
167 1790 1590
168 439 239
169 570 370
170 237 37
171 2023 1823
172 2098 1898
173 1373 1173
174 2123 1923
175 1256 1056
176 1461 1261
177 1177 977
178 986 786
179 1881 1681
180 246 46
181 889 689
182 638 438
183 1133 933
184 316 116
185 1009 809
186 703 503
187 1787 1587
188 1803 1603
189 1886 1686
190 394 194
191 666 466
192 541 341
193 556 356
194 1745 1545
195 984 784
196 252 52
197 2062 1862
198 1010 810
199 423 223
200 460 260
201 1741 1541
202 1397 1197
203 261 61
204 1413 1213
205 1616 1416
206 1662 1462
207 262 62
208 1262 1062
209 405 205
210 403 203
211 352 152
212 469 269
213 1113 913
214 360 160
215 467 267
216 1947 1747
217 1449 1249
218 374 174
219 387 187
220 1900 1700
221 374 174
222 314 114
223 1139 939
224 1612 1412
225 719 519
226 2105 1905
227 256 56
228 1309 1109
229 1581 1381
230 1569 1369
231 1751 1551
232 1725 1525
233 1328 1128
234 2187 1987
235 1012 812
236 860 660
237 1953 1753
238 349 149
239 744 544
240 1964 1764
241 884 684
242 1596 1396
243 1030 830
244 1105 905
245 925 725
246 1230 1030
247 1530 1330
248 584 384
249 315 115
250 1181 981
251 1238 1038
252 1683 1483
253 645 445
254 376 176
255 1819 1619
256 770 570
257 848 648
258 1091 891
259 2096 1896
260 1646 1446
261 858 658
262 767 567
263 1506 1306
264 846 646
265 2006 1806
266 1429 1229
267 1000 800
268 2093 1893
269 1812 1612
270 923 723
271 1554 1354
272 1971 1771
273 1500 1300
274 1529 1329
275 1374 1174
276 479 279
277 951 751
278 453 253
279 326 126
280 1462 1262
281 1803 1603
282 1002 802
283 1865 1665
284 1061 861
285 1409 1209
286 327 127
287 1508 1308
288 1331 1131
289 1508 1308
290 660 460
291 877 677
292 1490 1290
293 1063 863
294 496 296
295 492 292
296 372 172
297 644 444
298 358 158
299 1495 1295
300 441 241
301 1613 1413
302 1501 1301
303 1272 1072
304 1158 958
305 1521 1321
306 894 694
307 1181 981
308 1794 1594
309 1997 1797
310 1345 1145
311 1707 1507
312 1019 819
313 1915 1715
314 1872 1672
315 1712 1512
316 838 638
317 2092 1892
318 845 645
319 276 76
320 2115 1915
321 222 22
322 2079 1879
323 843 643
324 1214 1014
325 1066 866
326 1175 975
327 1274 1074
328 385 185
329 1708 1508
330 1666 1466
331 1443 1243
332 711 511
333 976 776
334 967 767
335 526 326
336 779 579
337 1894 1694
338 1696 1496
339 1862 1662
340 319 119
341 1217 1017
342 1029 829
343 1854 1654
344 2058 1858
345 1329 1129
346 1747 1547
347 862 662
348 1001 801
349 1323 1123
350 1228 1028
351 382 182
352 469 269
353 754 554
354 313 113
355 621 421
356 1493 1293
357 885 685
358 1610 1410
359 670 470
360 1050 850
361 277 77
362 1437 1237
363 464 264
364 1752 1552
365 1824 1624
366 317 117
367 1161 961
368 245 45
369 255 55
370 242 42
371 1454 1254
372 922 722
373 1080 880
374 1910 1710
375 1121 921
376 310 110
377 1009 809
378 1000 800
379 1880 1680
380 818 618
381 754 554
382 329 129
383 262 62
384 1087 887
385 773 573
386 1892 1692
387 1768 1568
388 1804 1604
389 237 37
390 235 35
391 2110 1910
392 2163 1963
393 832 632
394 1308 1108
395 1411 1211
396 611 411
397 1267 1067
398 626 426
399 1963 1763
400 1304 1104
401 768 568
402 408 208
403 1881 1681
404 742 542
405 1014 814
406 1448 1248
407 714 514
408 437 237
409 526 326
410 1122 922
411 241 41
412 1878 1678
413 1109 909
414 1592 1392
415 1392 1192
416 1716 1516
417 1259 1059
418 1622 1422
419 1552 1352
420 1782 1582
421 1878 1678
422 527 327
423 1085 885
424 1297 1097
425 1796 1596
426 578 378
427 1600 1400
428 1562 1362
429 1611 1411
430 1324 1124
431 1946 1746
432 1576 1376
433 735 535
434 1367 1167
435 282 82
436 1880 1680
437 1599 1399
438 879 679
439 1612 1412
440 1530 1330
441 1836 1636
442 1813 1613
443 1183 983
444 1545 1345
445 1560 1360
446 381 181
447 320 120
448 776 576
449 2070 1870
450 898 698
451 2008 1808
452 1512 1312
453 1204 1004
454 1322 1122
455 591 391
456 358 158
457 1010 810
458 676 476
459 1019 819
460 1073 873
461 2158 1958
462 1677 1477
463 409 209
464 2057 1857
465 1917 1717
466 881 681
467 1559 1359
468 1203 1003
469 1095 895
470 367 167
471 619 419
472 537 337
473 704 504
474 1334 1134
475 788 588
476 398 198
477 1919 1719
478 1419 1219
479 523 323
480 351 151
481 541 341
482 1917 1717
483 2165 1965
484 1381 1181
485 2059 1859
486 239 39
487 1656 1456
488 391 191
489 960 760
490 852 652
491 1335 1135
492 493 293
493 590 390
494 1290 1090
495 1980 1780
496 1519 1319
497 1696 1496
498 716 516
499 1201 1001
500 1356 1156
501 1106 906
502 1211 1011
503 1371 1171
504 726 526
505 637 437
506 535 335
507 1364 1164
508 1274 1074
509 1342 1142
510 2168 1968
511 1076 876
512 1901 1701
513 465 265
514 1609 1409
515 1962 1762
516 1922 1722
517 1519 1319
518 1556 1356
519 1980 1780
520 1033 833
521 241 41
522 712 512
523 233 33
524 2177 1977
525 1920 1720
526 982 782
527 2087 1887
528 2174 1974
529 2107 1907
530 316 116
531 751 551
532 534 334
533 932 732
534 600 400
535 1169 969
536 1109 909
537 1879 1679
538 1455 1255
539 1428 1228
540 1232 1032
541 1368 1168
542 422 222
543 1854 1654
544 1350 1150
545 248 48
546 300 100
547 749 549
548 1811 1611
549 1460 1260
550 1051 851
551 1312 1112
552 1966 1766
553 650 450
554 1971 1771
555 1125 925
556 1586 1386
557 440 240
558 1991 1791
559 575 375
560 1050 850
561 1075 875
562 835 635
563 499 299
564 517 317
565 1169 969
566 250 50
567 415 215
568 1626 1426
569 1635 1435
570 991 791
571 1848 1648
572 293 93
573 1715 1515
574 1385 1185
575 1551 1351
576 782 582
577 1782 1582
578 202 2
579 1232 1032
580 1611 1411
581 1101 901
582 1192 992
583 2102 1902
584 1388 1188
585 1694 1494
586 1162 962
587 1966 1766
588 820 620
589 1802 1602
590 2127 1927
591 694 494
592 759 559
593 347 147
594 1911 1711
595 1618 1418
596 1471 1271
597 828 628
598 1237 1037
599 1419 1219
600 697 497
601 2037 1837
602 2092 1892
603 1540 1340
604 876 676
605 641 441
606 263 63
607 1515 1315
608 217 17
609 1309 1109
610 981 781
611 1543 1343
612 2158 1958
613 816 616
614 1185 985
615 1732 1532
616 709 509
617 722 522
618 1808 1608
619 1097 897
620 474 274
621 714 514
622 2019 1819
623 1186 986
624 553 353
625 2088 1888
626 1132 932
627 959 759
628 646 446
629 523 323
630 1181 981
631 376 176
632 1942 1742
633 1119 919
634 1083 883
635 267 67
636 1178 978
637 1703 1503
638 1490 1290
639 756 556
640 460 260
641 916 716
642 355 155
643 519 319
644 913 713
645 671 471
646 280 80
647 717 517
648 1679 1479
649 1305 1105
650 249 49
651 1353 1153
652 1288 1088
653 1340 1140
654 1382 1182
655 2086 1886
656 1845 1645
657 892 692
658 964 764
659 1519 1319
660 1150 950
661 1760 1560
662 1621 1421
663 842 642
664 341 141
665 1896 1696
666 384 184
667 1458 1258
668 898 698
669 1450 1250
670 2079 1879
671 1839 1639
672 1209 1009
673 572 372
674 215 15
675 1332 1132
676 1192 992
677 1056 856
678 2083 1883
679 1653 1453
680 1388 1188
681 1703 1503
682 1289 1089
683 739 539
684 2116 1916
685 2019 1819
686 1134 934
687 326 126
688 1533 1333
689 1630 1430
690 1077 877
691 1798 1598
692 732 532
693 896 696
694 1634 1434
695 1797 1597
696 1658 1458
697 897 697
698 1837 1637
699 252 52
700 1849 1649
701 1852 1652
702 1490 1290
703 1825 1625
704 245 45
705 1291 1091
706 838 638
707 1746 1546
708 1606 1406
709 517 317
710 1524 1324
711 513 313
712 1346 1146
713 289 89
714 1381 1181
715 1483 1283
716 1567 1367
717 2117 1917
718 701 501
719 2006 1806
720 2150 1950
721 2112 1912
722 2002 1802
723 711 511
724 2163 1963
725 368 168
726 344 144
727 958 758
728 1321 1121
729 592 392
730 1784 1584
731 846 646
732 1618 1418
733 1314 1114
734 2079 1879
735 205 5
736 1988 1788
737 1189 989
738 1106 906
739 1428 1228
740 1552 1352
741 1331 1131
742 479 279
743 899 699
744 788 588
745 586 386
746 1151 951
747 1429 1229
748 799 599
749 821 621
750 952 752
751 571 371
752 1940 1740
753 774 574
754 1967 1767
755 695 495
756 1048 848
757 1874 1674
758 1675 1475
759 455 255
760 1862 1662
761 552 352
762 1812 1612
763 1788 1588
764 1058 858
765 1376 1176
766 1129 929
767 2135 1935
768 667 467
769 525 325
770 225 25
771 367 167
772 793 593
773 750 550
774 2058 1858
775 657 457
776 757 557
777 678 478
778 1006 806
779 1092 892
780 1976 1776
781 1142 942
782 1379 1179
783 1191 991
784 1628 1428
785 1188 988
786 1057 857
787 1066 866
788 1230 1030
789 1323 1123
790 1406 1206
791 1286 1086
792 389 189
793 270 70
794 1941 1741
795 1386 1186
796 237 37
797 1514 1314
798 646 446
799 1363 1163
800 2028 1828
801 1319 1119
802 263 63
803 1974 1774
804 1446 1246
805 1274 1074
806 583 383
807 861 661
808 315 115
809 586 386
810 1363 1163
811 941 741
812 1053 853
813 1741 1541
814 658 458
815 352 152
816 1360 1160
817 1343 1143
818 427 227
819 1331 1131
820 570 370
821 1247 1047
822 2118 1918
823 1774 1574
824 2155 1955
825 1429 1229
826 1616 1416
827 475 275
828 566 366
829 1987 1787
830 376 176
831 1861 1661
832 1788 1588
833 520 320
834 662 462
835 2015 1815
836 762 562
837 1899 1699
838 843 643
839 909 709
840 217 17
841 1658 1458
842 2084 1884
843 1523 1323
844 355 155
845 1486 1286
846 760 560
847 921 721
848 341 141
849 2107 1907
850 385 185
851 1943 1743
852 1728 1528
853 385 185
854 1975 1775
855 1043 843
856 1098 898
857 994 794
858 2072 1872
859 724 524
860 1633 1433
861 433 233
862 2116 1916
863 1041 841
864 1088 888
865 691 491
866 1940 1740
867 1627 1427
868 1610 1410
869 1093 893
870 682 482
871 596 396
872 242 42
873 1225 1025
874 884 684
875 747 547
876 1117 917
877 1838 1638
878 330 130
879 790 590
880 1104 904
881 1290 1090
882 1399 1199
883 1706 1506
884 963 763
885 1815 1615
886 453 253
887 265 65
888 599 399
889 2120 1920
890 385 185
891 2168 1968
892 1859 1659
893 2039 1839
894 2077 1877
895 2028 1828
896 1034 834
897 252 52
898 404 204
899 1345 1145
900 1401 1201
901 1691 1491
902 616 416
903 1463 1263
904 1772 1572
905 923 723
906 823 623
907 1193 993
908 880 680
909 1135 935
910 428 228
911 2059 1859
912 1187 987
913 418 218
914 802 602
915 735 535
916 888 688
917 356 156
918 1428 1228
919 564 364
920 1446 1246
921 1515 1315
922 1135 935
923 1580 1380
924 672 472
925 280 80
926 649 449
927 217 17
928 495 295
929 2184 1984
930 1114 914
931 627 427
932 828 628
933 1875 1675
934 440 240
935 536 336
936 1306 1106
937 1444 1244
938 1730 1530
939 1872 1672
940 735 535
941 1782 1582
942 1426 1226
943 252 52
944 2036 1836
945 1687 1487
946 1237 1037
947 555 355
948 1938 1738
949 747 547
950 983 783
951 936 736
952 1772 1572
953 1456 1256
954 1287 1087
955 308 108
956 1451 1251
957 1353 1153
958 1162 962
959 891 691
960 2036 1836
961 986 786
962 1755 1555
963 854 654
964 1878 1678
965 2175 1975
966 1104 904
967 2172 1972
968 1104 904
969 1785 1585
970 1624 1424
971 1429 1229
972 1071 871
973 854 654
974 736 536
975 669 469
976 949 749
977 220 20
978 1636 1436
979 1970 1770
980 2149 1949
981 1362 1162
982 931 731
983 1290 1090
984 1739 1539
985 954 754
986 1500 1300
987 467 267
988 1529 1329
989 1423 1223
990 1589 1389
991 1128 928
992 747 547
993 215 15
994 746 546
995 1837 1637
996 2124 1924
997 693 493
998 1330 1130
999 408 208
1000 2066 1866
1001 1278 1078
1002 557 357
1003 492 292
1004 1396 1196
1005 549 349
1006 1929 1729
1007 419 219
1008 1788 1588
1009 981 781
1010 756 556
1011 791 591
1012 2007 1807
1013 1963 1763
1014 1516 1316
1015 445 245
1016 1368 1168
1017 1582 1382
1018 1714 1514
1019 734 534
1020 1773 1573
1021 1308 1108
1022 1581 1381
1023 2052 1852
1024 1930 1730
1025 1346 1146
1026 1083 883
1027 2141 1941
1028 881 681
1029 215 15
1030 802 602
1031 1407 1207
1032 212 12
1033 470 270
1034 1045 845
1035 2056 1856
1036 433 233
1037 1462 1262
1038 1874 1674
1039 881 681
1040 491 291
1041 631 431
1042 2184 1984
1043 271 71
1044 1833 1633
1045 411 211
1046 1366 1166
1047 1253 1053
1048 1352 1152
1049 2095 1895
1050 1998 1798
1051 489 289
1052 1820 1620
1053 821 621
1054 456 256
1055 2081 1881
1056 964 764
1057 2144 1944
1058 1491 1291
1059 1162 962
1060 1050 850
1061 1082 882
1062 1158 958
1063 2069 1869
1064 1274 1074
1065 1845 1645
1066 789 589
1067 1023 823
1068 650 450
1069 2188 1988
1070 655 455
1071 667 467
1072 1000 800
1073 1221 1021
1074 852 652
1075 685 485
1076 2018 1818
1077 1079 879
1078 1092 892
1079 678 478
1080 893 693
1081 1474 1274
1082 2019 1819
1083 1191 991
1084 1001 801
1085 1486 1286
1086 632 432
1087 1476 1276
1088 1676 1476
1089 1539 1339
1090 1285 1085
1091 1015 815
1092 2123 1923
1093 1250 1050
1094 720 520
1095 1678 1478
1096 776 576
1097 1040 840
1098 1872 1672
1099 2114 1914
1100 580 380
1101 573 373
1102 1172 972
1103 1493 1293
1104 341 141
1105 1652 1452
1106 1485 1285
1107 695 495
1108 723 523
1109 433 233
1110 1323 1123
1111 1588 1388
1112 1821 1621
1113 1241 1041
1114 1301 1101
1115 1773 1573
1116 1049 849
1117 1483 1283
1118 1426 1226
1119 1634 1434
1120 312 112
1121 2130 1930
1122 1973 1773
1123 1354 1154
1124 1111 911
1125 323 123
1126 918 718
1127 2062 1862
1128 226 26
1129 730 530
1130 1194 994
1131 1304 1104
1132 291 91
1133 1979 1779
1134 1284 1084
1135 659 459
1136 1768 1568
1137 2023 1823
1138 1733 1533
1139 543 343
1140 1139 939
1141 446 246
1142 1791 1591
1143 2083 1883
1144 2090 1890
1145 427 227
1146 232 32
1147 1023 823
1148 2015 1815
1149 1232 1032
1150 1130 930
1151 1326 1126
1152 586 386
1153 366 166
1154 1271 1071
1155 1524 1324
1156 1107 907
1157 561 361
1158 1977 1777
1159 906 706
1160 1964 1764
1161 1703 1503
1162 1848 1648
1163 1619 1419
1164 522 322
1165 395 195
1166 692 492
1167 1145 945
1168 708 508
1169 1170 970
1170 1010 810
1171 457 257
1172 1859 1659
1173 241 41
1174 260 60
1175 552 352
1176 1082 882
1177 1337 1137
1178 209 9
1179 1392 1192
1180 1264 1064
1181 241 41
1182 260 60
1183 1580 1380
1184 1992 1792
1185 1422 1222
1186 1376 1176
1187 252 52
1188 466 266
1189 1856 1656
1190 1248 1048
1191 1812 1612
1192 490 290
1193 1564 1364
1194 1020 820
1195 1399 1199
1196 1325 1125
1197 1026 826
1198 1544 1344
1199 1852 1652
1200 412 212
1201 1674 1474
1202 711 511
1203 2058 1858
1204 2106 1906
1205 1680 1480
1206 638 438
1207 1782 1582
1208 991 791
1209 569 369
1210 1459 1259
1211 1797 1597
1212 1567 1367
1213 833 633
1214 1443 1243
1215 560 360
1216 709 509
1217 915 715
1218 2018 1818
1219 2180 1980
1220 456 256
1221 852 652
1222 318 118
1223 466 266
1224 320 120
1225 1436 1236
1226 381 181
1227 346 146
1228 498 298
1229 1250 1050
1230 708 508
1231 510 310
1232 1238 1038
1233 1587 1387
1234 617 417
1235 2150 1950
1236 1242 1042
1237 1294 1094
1238 560 360
1239 1153 953
1240 1087 887
1241 1999 1799
1242 1906 1706
1243 1730 1530
1244 385 185
1245 1622 1422
1246 1900 1700
1247 1902 1702
1248 485 285
1249 2035 1835
1250 1652 1452
1251 1120 920
1252 586 386
1253 273 73
1254 998 798
1255 1655 1455
1256 1730 1530
1257 2172 1972
1258 508 308
1259 1662 1462
1260 1386 1186
1261 592 392
1262 252 52
1263 1205 1005
1264 1749 1549
1265 687 487
1266 907 707
1267 1169 969
1268 1143 943
1269 1935 1735
1270 1231 1031
1271 1069 869
1272 1341 1141
1273 654 454
1274 1347 1147
1275 1770 1570
1276 250 50
1277 1490 1290
1278 547 347
1279 1883 1683
1280 1291 1091
1281 1393 1193
1282 1415 1215
1283 1574 1374
1284 508 308
1285 2042 1842
1286 1997 1797
1287 391 191
1288 804 604
1289 2111 1911
1290 1695 1495
1291 231 31
1292 1435 1235
1293 240 40
1294 1123 923
1295 1988 1788
1296 1213 1013
1297 2052 1852
1298 1297 1097
1299 942 742
1300 1206 1006
1301 646 446
1302 383 183
1303 1342 1142
1304 1164 964
1305 2106 1906
1306 312 112
1307 1170 970
1308 1980 1780
1309 2043 1843
1310 876 676
1311 1337 1137
1312 1005 805
1313 866 666
1314 1825 1625
1315 1656 1456
1316 1137 937
1317 1909 1709
1318 919 719
1319 726 526
1320 426 226
1321 2089 1889
1322 1497 1297
1323 2059 1859
1324 1641 1441
1325 869 669
1326 2078 1878
1327 623 423
1328 625 425
1329 262 62
1330 271 71
1331 2178 1978
1332 683 483
1333 488 288
1334 1476 1276
1335 296 96
1336 1762 1562
1337 504 304
1338 488 288
1339 206 6
1340 1246 1046
1341 787 587
1342 1643 1443
1343 526 326
1344 1342 1142
1345 761 561
1346 1893 1693
1347 426 226
1348 1758 1558
1349 324 124
1350 359 159
1351 537 337
1352 1096 896
1353 2127 1927
1354 654 454
1355 923 723
1356 1319 1119
1357 1893 1693
1358 1825 1625
1359 1019 819
1360 2071 1871
1361 1864 1664
1362 2010 1810
1363 320 120
1364 1305 1105
1365 1530 1330
1366 385 185
1367 879 679
1368 1106 906
1369 1067 867
1370 1220 1020
1371 993 793
1372 418 218
1373 1615 1415
1374 371 171
1375 1805 1605
1376 1634 1434
1377 843 643
1378 375 175
1379 1554 1354
1380 342 142
1381 1420 1220
1382 1459 1259
1383 946 746
1384 467 267
1385 1125 925
1386 1058 858
1387 1710 1510
1388 1914 1714
1389 1491 1291
1390 1824 1624
1391 2138 1938
1392 370 170
1393 1070 870
1394 2005 1805
1395 1485 1285
1396 2052 1852
1397 254 54
1398 1388 1188
1399 1256 1056
1400 656 456
1401 1335 1135
1402 418 218
1403 496 296
1404 1421 1221
1405 1779 1579
1406 1977 1777
1407 2074 1874
1408 1805 1605
1409 1515 1315
1410 1804 1604
1411 1970 1770
1412 1742 1542
1413 481 281
1414 605 405
1415 311 111
1416 461 261
1417 477 277
1418 1850 1650
1419 1654 1454
1420 822 622
1421 2066 1866
1422 1470 1270
1423 306 106
1424 1190 990
1425 1229 1029
1426 1316 1116
1427 1821 1621
1428 1745 1545
1429 377 177
1430 743 543
1431 294 94
1432 815 615
1433 1473 1273
1434 820 620
1435 591 391
1436 818 618
1437 1811 1611
1438 1617 1417
1439 2089 1889
1440 1539 1339
1441 1213 1013
1442 2183 1983
1443 1694 1494
1444 1914 1714
1445 1736 1536
1446 1466 1266
1447 1195 995
1448 523 323
1449 1053 853
1450 393 193
1451 744 544
1452 1421 1221
1453 360 160
1454 305 105
1455 822 622
1456 615 415
1457 952 752
1458 1516 1316
1459 1892 1692
1460 836 636
1461 1135 935
1462 759 559
1463 1885 1685
1464 1541 1341
1465 620 420
1466 2193 1993
1467 1953 1753
1468 1893 1693
1469 1939 1739
1470 1231 1031
1471 1310 1110
1472 1352 1152
1473 310 110
1474 524 324
1475 524 324
1476 252 52
1477 1122 922
1478 894 694
1479 1314 1114
1480 1634 1434
1481 553 353
1482 900 700
1483 1320 1120
1484 1494 1294
1485 2055 1855
1486 827 627
1487 602 402
1488 1529 1329
1489 1539 1339
1490 1328 1128
1491 485 285
1492 560 360
1493 1924 1724
1494 863 663
1495 865 665
1496 1813 1613
1497 301 101
1498 1370 1170
1499 779 579
1500 379 179
1501 1095 895
1502 326 126
1503 1502 1302
1504 688 488
1505 281 81
1506 511 311
1507 477 277
1508 1723 1523
1509 678 478
1510 268 68
1511 1472 1272
1512 804 604
1513 1060 860
1514 2173 1973
1515 953 753
1516 1475 1275
1517 1156 956
1518 689 489
1519 498 298
1520 752 552
1521 1411 1211
1522 660 460
1523 1444 1244
1524 922 722
1525 764 564
1526 917 717
1527 2118 1918
1528 2131 1931
1529 1991 1791
1530 1861 1661
1531 273 73
1532 1416 1216
1533 2066 1866
1534 923 723
1535 1980 1780
1536 2143 1943
1537 1979 1779
1538 245 45
1539 1112 912
1540 985 785
1541 1767 1567
1542 825 625
1543 1594 1394
1544 806 606
1545 2034 1834
1546 650 450
1547 528 328
1548 1576 1376
1549 1619 1419
1550 678 478
1551 1458 1258
1552 1232 1032
1553 1259 1059
1554 1868 1668
1555 1575 1375
1556 1109 909
1557 2171 1971
1558 1067 867
1559 1873 1673
1560 707 507
1561 687 487
1562 837 637
1563 1894 1694
1564 1567 1367
1565 410 210
1566 850 650
1567 1387 1187
1568 1897 1697
1569 2111 1911
1570 1297 1097
1571 239 39
1572 314 114
1573 521 321
1574 553 353
1575 434 234
1576 1677 1477
1577 2200 2000
1578 1614 1414
1579 1472 1272
1580 394 194
1581 937 737
1582 1728 1528
1583 1422 1222
1584 1693 1493
1585 2192 1992
1586 1469 1269
1587 976 776
1588 742 542
1589 388 188
1590 1734 1534
1591 2180 1980
1592 1849 1649
1593 872 672
1594 622 422
1595 2095 1895
1596 661 461
1597 818 618
1598 1327 1127
1599 401 201
1600 978 778
1601 1753 1553
1602 1367 1167
1603 1159 959
1604 339 139
1605 1312 1112
1606 1536 1336
1607 1406 1206
1608 987 787
1609 873 673
1610 654 454
1611 207 7
1612 957 757
1613 680 480
1614 1937 1737
1615 2187 1987
1616 507 307
1617 2021 1821
1618 1546 1346
1619 1748 1548
1620 1424 1224
1621 1197 997
1622 1178 978
1623 1701 1501
1624 1225 1025
1625 598 398
1626 2037 1837
1627 1983 1783
1628 445 245
1629 1341 1141
1630 662 462
1631 1905 1705
1632 1550 1350
1633 1086 886
1634 956 756
1635 1060 860
1636 1400 1200
1637 895 695
1638 514 314
1639 896 696
1640 1302 1102
1641 2073 1873
1642 1053 853
1643 1023 823
1644 276 76
1645 2052 1852
1646 1806 1606
1647 1580 1380
1648 1502 1302
1649 655 455
1650 679 479
1651 2070 1870
1652 1256 1056
1653 1320 1120
1654 858 658
1655 1207 1007
1656 2023 1823
1657 1262 1062
1658 717 517
1659 1179 979
1660 716 516
1661 384 184
1662 1290 1090
1663 464 264
1664 993 793
1665 625 425
1666 467 267
1667 873 673
1668 540 340
1669 939 739
1670 594 394
1671 350 150
1672 512 312
1673 1245 1045
1674 959 759
1675 2068 1868
1676 211 11
1677 403 203
1678 427 227
1679 1733 1533
1680 1643 1443
1681 337 137
1682 792 592
1683 651 451
1684 353 153
1685 1355 1155
1686 1435 1235
1687 1502 1302
1688 1159 959
1689 1843 1643
1690 1866 1666
1691 1671 1471
1692 1797 1597
1693 1424 1224
1694 1520 1320
1695 1360 1160
1696 1695 1495
1697 439 239
1698 736 536
1699 299 99
1700 547 347
1701 873 673
1702 662 462
1703 2140 1940
1704 895 695
1705 1353 1153
1706 840 640
1707 355 155
1708 783 583
1709 1688 1488
1710 347 147
1711 1834 1634
1712 2164 1964
1713 1823 1623
1714 466 266
1715 2071 1871
1716 496 296
1717 408 208
1718 433 233
1719 302 102
1720 1341 1141
1721 489 289
1722 2113 1913
1723 903 703
1724 1661 1461
1725 495 295
1726 1676 1476
1727 2007 1807
1728 1581 1381
1729 1747 1547
1730 695 495
1731 525 325
1732 611 411
1733 2059 1859
1734 1568 1368
1735 956 756
1736 1286 1086
1737 528 328
1738 1293 1093
1739 1744 1544
1740 444 244
1741 1190 990
1742 579 379
1743 511 311
1744 766 566
1745 926 726
1746 760 560
1747 269 69
1748 1560 1360
1749 1204 1004
1750 560 360
1751 587 387
1752 925 725
1753 1509 1309
1754 1204 1004
1755 878 678
1756 344 144
1757 834 634
1758 834 634
1759 1272 1072
1760 1181 981
1761 1449 1249
1762 2109 1909
1763 1989 1789
1764 1853 1653
1765 294 94
1766 1444 1244
1767 2179 1979
1768 1960 1760
1769 1446 1246
1770 1744 1544
1771 1022 822
1772 797 597
1773 307 107
1774 1799 1599
1775 696 496
1776 1261 1061
1777 881 681
1778 911 711
1779 1634 1434
1780 2190 1990
1781 1955 1755
1782 1324 1124
1783 506 306
1784 1755 1555
1785 2171 1971
1786 1865 1665
1787 1313 1113
1788 1593 1393
1789 973 773
1790 1717 1517
1791 1991 1791
1792 260 60
1793 1502 1302
1794 741 541
1795 1012 812
1796 375 175
1797 1742 1542
1798 2152 1952
1799 934 734
1800 1707 1507
1801 367 167
1802 1736 1536
1803 483 283
1804 2039 1839
1805 881 681
1806 1227 1027
1807 1050 850
1808 1686 1486
1809 1196 996
1810 2185 1985
1811 1994 1794
1812 902 702
1813 233 33
1814 1784 1584
1815 862 662
1816 1388 1188
1817 1854 1654
1818 1028 828
1819 1155 955
1820 276 76
1821 2116 1916
1822 298 98
1823 1768 1568
1824 1222 1022
1825 629 429
1826 243 43
1827 1841 1641
1828 1045 845
1829 1079 879
1830 2126 1926
1831 1656 1456
1832 1250 1050
1833 1088 888
1834 1558 1358
1835 944 744
1836 1677 1477
1837 902 702
1838 1699 1499
1839 711 511
1840 811 611
1841 452 252
1842 908 708
1843 856 656
1844 2131 1931
1845 2074 1874
1846 602 402
1847 506 306
1848 818 618
1849 546 346
1850 2039 1839
1851 2041 1841
1852 558 358
1853 266 66
1854 277 77
1855 1055 855
1856 2184 1984
1857 547 347
1858 1644 1444
1859 1550 1350
1860 794 594
1861 1781 1581
1862 1915 1715
1863 1052 852
1864 736 536
1865 1021 821
1866 1488 1288
1867 1756 1556
1868 1732 1532
1869 452 252
1870 2178 1978
1871 1061 861
1872 1825 1625
1873 1453 1253
1874 1755 1555
1875 497 297
1876 953 753
1877 2026 1826
1878 740 540
1879 740 540
1880 482 282
1881 1563 1363
1882 1432 1232
1883 935 735
1884 299 99
1885 1749 1549
1886 1786 1586
1887 480 280
1888 1068 868
1889 2155 1955
1890 979 779
1891 1760 1560
1892 443 243
1893 972 772
1894 1747 1547
1895 1929 1729
1896 411 211
1897 776 576
1898 1897 1697
1899 1705 1505
1900 1679 1479
1901 320 120
1902 1998 1798
1903 1991 1791
1904 2061 1861
1905 921 721
1906 1403 1203
1907 297 97
1908 1213 1013
1909 429 229
1910 1594 1394
1911 543 343
1912 2112 1912
1913 1502 1302
1914 1834 1634
1915 1888 1688
1916 814 614
1917 1128 928
1918 1677 1477
1919 1216 1016
1920 1367 1167
1921 242 42
1922 988 788
1923 1818 1618
1924 1547 1347
1925 1712 1512
1926 490 290
1927 752 552
1928 1110 910
1929 472 272
1930 1605 1405
1931 1020 820
1932 243 43
1933 1918 1718
1934 1945 1745
1935 1313 1113
1936 1537 1337
1937 1199 999
1938 206 6
1939 979 779
1940 211 11
1941 694 494
1942 1778 1578
1943 1408 1208
1944 1217 1017
1945 1471 1271
1946 274 74
1947 2041 1841
1948 747 547
1949 758 558
1950 1217 1017
1951 2113 1913
1952 686 486
1953 635 435
1954 363 163
1955 2082 1882
1956 831 631
1957 1492 1292
1958 419 219
1959 1382 1182
1960 1829 1629
1961 702 502
1962 1465 1265
1963 1704 1504
1964 803 603
1965 450 250
1966 839 639
1967 2071 1871
1968 259 59
1969 480 280
1970 1530 1330
1971 692 492
1972 2094 1894
1973 1003 803
1974 846 646
1975 297 97
1976 1063 863
1977 1089 889
1978 386 186
1979 1206 1006
1980 583 383
1981 260 60
1982 1131 931
1983 601 401
1984 835 635
1985 1274 1074
1986 1189 989
1987 777 577
1988 1659 1459
1989 638 438
1990 548 348
1991 544 344
1992 2172 1972
1993 480 280
1994 888 688
1995 1666 1466
1996 1060 860
1997 448 248
1998 1086 886
1999 1006 806
2000 1621 1421