1
2400
894741
1 241 1
2 1959 1719
3 2136 1896
4 627 387
5 1607 1367
6 837 597
7 1530 1290
8 1662 1422
9 653 413
10 587 347
11 1514 1274
12 962 722
13 762 522
14 570 330
15 2126 1886
16 1745 1505
17 2063 1823
18 1872 1632
19 1903 1663
20 994 754
21 1229 989
22 315 75
23 1565 1325
24 2610 2370
25 2640 2400
26 1647 1407
27 2016 1776
28 2116 1876
29 1963 1723
30 1971 1731
31 1596 1356
32 1001 761
33 1345 1105
34 438 198
35 1087 847
36 1467 1227
37 285 45
38 1279 1039
39 779 539
40 1731 1491
41 1487 1247
42 290 50
43 1851 1611
44 1850 1610
45 740 500
46 2478 2238
47 1267 1027
48 365 125
49 800 560
50 1283 1043
51 2216 1976
52 1977 1737
53 315 75
54 1217 977
55 2377 2137
56 2358 2118
57 1141 901
58 539 299
59 521 281
60 1649 1409
61 2391 2151
62 1259 1019
63 970 730
64 337 97
65 680 440
66 2015 1775
67 1288 1048
68 2266 2026
69 1608 1368
70 1681 1441
71 671 431
72 624 384
73 1453 1213
74 1588 1348
75 2521 2281
76 2515 2275
77 1207 967
78 618 378
79 2552 2312
80 1481 1241
81 850 610
82 1938 1698
83 2397 2157
84 890 650
85 1864 1624
86 2431 2191
87 882 642
88 341 101
89 1312 1072
90 2276 2036
91 2362 2122
92 1327 1087
93 2615 2375
94 2092 1852
95 1811 1571
96 2507 2267
97 377 137
98 294 54
99 325 85
100 949 709
101 2044 1804
102 829 589
103 2634 2394
104 1769 1529
105 2266 2026
106 837 597
107 666 426
108 2353 2113
109 1161 921
110 1841 1601
111 1777 1537
112 267 27
113 952 712
114 322 82
115 1599 1359
116 1736 1496
117 1032 792
118 1242 1002
119 749 509
120 1777 1537
121 1380 1140
122 1583 1343
123 583 343
124 1637 1397
125 319 79
126 1082 842
127 1162 922
128 445 205
129 2601 2361
130 591 351
131 587 347
132 944 704
133 1101 861
134 1640 1400
135 2177 1937
136 1490 1250
137 1194 954
138 1626 1386
139 912 672
140 2071 1831
141 876 636
142 1192 952
143 499 259
144 1750 1510
145 2630 2390
146 1782 1542
147 2181 1941
148 1416 1176
149 751 511
150 790 550
151 2028 1788
152 944 704
153 1846 1606
154 542 302
155 995 755
156 2260 2020
157 1763 1523
158 1019 779
159 2563 2323
160 2410 2170
161 907 667
162 2335 2095
163 1869 1629
164 1038 798
165 1327 1087
166 1525 1285
167 1430 1190
168 879 639
169 2610 2370
170 1077 837
171 1263 1023
172 938 698
173 1813 1573
174 1363 1123
175 496 256
176 1101 861
177 2417 2177
178 626 386
179 321 81
180 286 46
181 1329 1089
182 1078 838
183 2373 2133
184 756 516
185 2249 2009
186 1143 903
187 1827 1587
188 1443 1203
189 2326 2086
190 1234 994
191 1906 1666
192 2581 2341
193 596 356
194 2585 2345
195 1824 1584
196 1492 1252
197 502 262
198 1450 1210
199 1663 1423
200 2500 2260
201 1381 1141
202 1437 1197
203 1101 861
204 1453 1213
205 2456 2216
206 2102 1862
207 1502 1262
208 2102 1862
209 2445 2205
210 2043 1803
211 392 152
212 909 669
213 1953 1713
214 2400 2160
215 2507 2267
216 1187 947
217 689 449
218 1214 974
219 1627 1387
220 1140 900
221 1614 1374
222 354 114
223 779 539
224 2052 1812
225 759 519
226 545 305
227 2296 2056
228 549 309
229 1621 1381
230 809 569
231 1391 1151
232 1365 1125
233 1368 1128
234 1427 1187
235 252 12
236 1700 1460
237 1993 1753
238 2389 2149
239 1584 1344
240 404 164
241 524 284
242 2036 1796
243 1070 830
244 1945 1705
245 1365 1125
246 470 230
247 1170 930
248 1024 784
249 1955 1715
250 2421 2181
251 2078 1838
252 523 283
253 1085 845
254 1616 1376
255 259 19
256 1210 970
257 2088 1848
258 1531 1291
259 2536 2296
260 1286 1046
261 2498 2258
262 407 167
263 1146 906
264 486 246
265 1246 1006
266 669 429
267 1040 800
268 1333 1093
269 1852 1612
270 1363 1123
271 794 554
272 811 571
273 2340 2100
274 1569 1329
275 2214 1974
276 2119 1879
277 2591 2351
278 893 653
279 1166 926
280 302 62
281 243 3
282 642 402
283 2305 2065
284 301 61
285 249 9
286 767 527
287 2348 2108
288 1371 1131
289 1148 908
290 1100 860
291 2117 1877
292 730 490
293 1103 863
294 2136 1896
295 2132 1892
296 1212 972
297 684 444
298 1598 1358
299 2335 2095
300 2081 1841
301 453 213
302 1141 901
303 912 672
304 2398 2158
305 361 121
306 1734 1494
307 1221 981
308 1434 1194
309 2037 1797
310 985 745
311 2547 2307
312 1459 1219
313 755 515
314 1512 1272
315 2552 2312
316 2078 1838
317 2132 1892
318 885 645
319 1116 876
320 2155 1915
321 1862 1622
322 2519 2279
323 2083 1843
324 1254 1014
325 306 66
326 2415 2175
327 1714 1474
328 1625 1385
329 948 708
330 506 266
331 1083 843
332 2351 2111
333 2616 2376
334 1407 1167
335 966 726
336 1619 1379
337 334 94
338 936 696
339 2302 2062
340 759 519
341 1257 1017
342 1869 1629
343 694 454
344 498 258
345 1369 1129
346 2187 1947
347 2102 1862
348 2241 2001
349 2563 2323
350 468 228
351 2022 1782
352 909 669
353 2394 2154
354 353 113
355 2261 2021
356 1133 893
357 1725 1485
358 1250 1010
359 1510 1270
360 290 50
361 1517 1277
362 1077 837
363 1304 1064
364 1792 1552
365 1864 1624
366 757 517
367 1201 961
368 2285 2045
369 1095 855
370 1482 1242
371 1894 1654
372 1762 1522
373 2320 2080
374 350 110
375 1961 1721
376 750 510
377 249 9
378 1040 800
379 720 480
380 858 618
381 794 554
382 2369 2129
383 1502 1262
384 1927 1687
385 2413 2173
386 1132 892
387 1808 1568
388 244 4
389 677 437
390 1875 1635
391 2150 1910
392 2203 1963
393 2472 2232
394 948 708
395 651 411
396 251 11
397 2507 2267
398 1466 1226
399 2403 2163
400 1744 1504
401 2408 2168
402 2448 2208
403 2321 2081
404 1182 942
405 1854 1614
406 688 448
407 1154 914
408 1677 1437
409 2566 2326
410 2362 2122
411 1881 1641
412 718 478
413 2349 2109
414 2432 2192
415 2232 1992
416 956 716
417 499 259
418 1662 1422
419 1992 1752
420 1022 782
421 318 78
422 967 727
423 325 85
424 937 697
425 1436 1196
426 1818 1578
427 1640 1400
428 1602 1362
429 851 611
430 2164 1924
431 2386 2146
432 2016 1776
433 775 535
434 607 367
435 722 482
436 720 480
437 1639 1399
438 2119 1879
439 852 612
440 370 130
441 1076 836
442 653 413
443 2023 1783
444 1985 1745
445 1200 960
446 2421 2181
447 360 120
448 816 576
449 510 270
450 538 298
451 848 608
452 1552 1312
453 1244 1004
454 1762 1522
455 2231 1991
456 398 158
457 1850 1610
458 716 476
459 1859 1619
460 313 73
461 1398 1158
462 2117 1877
463 1649 1409
464 1697 1457
465 1557 1317
466 921 681
467 1599 1359
468 443 203
469 735 495
470 2407 2167
471 1459 1219
472 577 337
473 344 104
474 1774 1534
475 428 188
476 1238 998
477 759 519
478 259 19
479 2563 2323
480 1191 951
481 1381 1141
482 1957 1717
483 2205 1965
484 1421 1181
485 2099 1859
486 2279 2039
487 2096 1856
488 431 191
489 1400 1160
490 492 252
491 2575 2335
492 933 693
493 1830 1590
494 1330 1090
495 1620 1380
496 759 519
497 936 696
498 1156 916
499 1641 1401
500 2596 2356
501 346 106
502 851 611
503 2611 2371
504 766 526
505 1477 1237
506 1375 1135
507 1404 1164
508 2514 2274
509 1782 1542
510 1808 1568
511 316 76
512 741 501
513 1305 1065
514 2049 1809
515 2402 2162
516 762 522
517 1559 1319
518 1596 1356
519 2020 1780
520 1073 833
521 681 441
522 352 112
523 1473 1233
524 2217 1977
525 1560 1320
526 1022 782
527 2127 1887
528 2214 1974
529 1747 1507
530 1156 916
531 1991 1751
532 974 734
533 2572 2332
534 2640 2400
535 2409 2169
536 1549 1309
537 719 479
538 1895 1655
539 268 28
540 472 232
541 1408 1168
542 2462 2222
543 1094 854
544 2190 1950
545 688 448
546 340 100
547 2389 2149
548 1051 811
549 1500 1260
550 1891 1651
551 1352 1112
552 1206 966
553 1890 1650
554 811 571
555 1165 925
556 426 186
557 2080 1840
558 431 191
559 1815 1575
560 690 450
561 715 475
562 1275 1035
563 2539 2299
564 957 717
565 2409 2169
566 290 50
567 455 215
568 1266 1026
569 875 635
570 2631 2391
571 1488 1248
572 333 93
573 555 315
574 2225 1985
575 2391 2151
576 1222 982
577 1822 1582
578 642 402
579 1672 1432
580 851 611
581 1941 1701
582 2432 2192
583 1742 1502
584 1828 1588
585 2134 1894
586 402 162
587 2406 2166
588 460 220
589 1842 1602
590 967 727
591 1534 1294
592 2399 2159
593 387 147
594 1551 1311
595 1258 1018
596 1111 871
597 1668 1428
598 1677 1437
599 1059 819
600 337 97
601 2477 2237
602 932 692
603 380 140
604 916 676
605 1481 1241
606 1903 1663
607 355 115
608 657 417
609 1749 1509
610 1421 1181
611 783 543
612 1798 1558
613 856 616
614 1625 1385
615 2572 2332
616 1949 1709
617 762 522
618 248 8
619 737 497
620 914 674
621 1954 1714
622 1259 1019
623 2426 2186
624 593 353
625 2128 1888
626 2372 2132
627 2199 1959
628 286 46
629 2163 1923
630 1621 1381
631 816 576
632 2382 2142
633 1159 919
634 1123 883
635 707 467
636 818 578
637 2543 2303
638 2330 2090
639 1596 1356
640 1300 1060
641 1356 1116
642 1595 1355
643 1759 1519
644 1753 1513
645 1911 1671
646 720 480
647 757 517
648 519 279
649 545 305
650 1089 849
651 2193 1953
652 1728 1488
653 1380 1140
654 1822 1582
655 2526 2286
656 1485 1245
657 1732 1492
658 604 364
659 359 119
660 1590 1350
661 2600 2360
662 2461 2221
663 1282 1042
664 2381 2141
665 1136 896
666 1224 984
667 698 458
668 938 698
669 1490 1250
670 2519 2279
671 1079 839
672 849 609
673 2612 2372
674 655 415
675 972 732
676 1232 992
677 1096 856
678 2123 1883
679 893 653
680 2628 2388
681 1343 1103
682 1329 1089
683 1579 1339
684 2556 2316
685 1259 1019
686 2374 2134
687 766 526
688 1973 1733
689 470 230
690 1117 877
691 1038 798
692 772 532
693 2136 1896
694 2474 2234
695 2637 2397
696 1298 1058
697 1337 1097
698 1877 1637
699 1492 1252
700 289 49
701 1092 852
702 1130 890
703 1865 1625
704 685 445
705 1731 1491
706 878 638
707 586 346
708 2446 2206
709 1757 1517
710 1164 924
711 2553 2313
712 2586 2346
713 329 89
714 2221 1981
715 1123 883
716 2407 2167
717 1357 1117
718 2341 2101
719 846 606
720 1390 1150
721 952 712
722 2442 2202
723 1951 1711
724 2603 2363
725 1208 968
726 384 144
727 2598 2358
728 1761 1521
729 632 392
730 624 384
731 1286 1046
732 858 618
733 2554 2314
734 1719 1479
735 645 405
736 1228 988
737 2029 1789
738 346 106
739 1068 828
740 792 552
741 971 731
742 919 679
743 2139 1899
744 428 188
745 1426 1186
746 791 551
747 1869 1629
748 2439 2199
749 1661 1421
750 1792 1552
751 611 371
752 1980 1740
753 1214 974
754 807 567
755 1935 1695
756 1488 1248
757 1114 874
758 1315 1075
759 895 655
760 702 462
761 2592 2352
762 1052 812
763 1828 1588
764 2298 2058
765 1416 1176
766 769 529
767 1375 1135
768 307 67
769 2565 2325
770 1465 1225
771 1607 1367
772 433 193
773 1990 1750
774 1298 1058
775 697 457
776 797 557
777 1518 1278
778 1846 1606
779 2332 2092
780 416 176
781 782 542
782 1819 1579
783 431 191
784 1668 1428
785 2428 2188
786 697 457
787 1906 1666
788 2070 1830
789 2163 1923
790 1846 1606
791 526 286
792 1229 989
793 1510 1270
794 1981 1741
795 1026 786
796 2277 2037
797 1154 914
798 686 446
799 2603 2363
800 2468 2228
801 2559 2319
802 1103 863
803 1614 1374
804 1086 846
805 2114 1874
806 2623 2383
807 2501 2261
808 2355 2115
809 626 386
810 2603 2363
811 1381 1141
812 2293 2053
813 981 741
814 2298 2058
815 1192 952
816 2600 2360
817 2183 1943
818 867 627
819 571 331
820 610 370
821 1687 1447
822 2558 2318
823 2214 1974
824 2195 1955
825 2269 2029
826 2456 2216
827 1715 1475
828 1406 1166
829 827 587
830 416 176
831 2301 2061
832 1028 788
833 560 320
834 2302 2062
835 2455 2215
836 2402 2162
837 1139 899
838 1283 1043
839 949 709
840 1457 1217
841 498 258
842 924 684
843 763 523
844 1195 955
845 326 86
846 800 560
847 2561 2321
848 2381 2141
849 1747 1507
850 1225 985
851 1183 943
852 568 328
853 1625 1385
854 2015 1775
855 1083 843
856 1138 898
857 634 394
858 2512 2272
859 1964 1724
860 2473 2233
861 2473 2233
862 2556 2316
863 681 441
864 2328 2088
865 1131 891
866 780 540
867 2067 1827
868 450 210
869 333 93
870 1922 1682
871 636 396
872 1882 1642
873 2465 2225
874 524 284
875 2387 2147
876 1957 1717
877 1078 838
878 1170 930
879 2030 1790
880 1144 904
881 530 290
882 1039 799
883 1746 1506
884 603 363
885 1455 1215
886 2493 2253
887 2305 2065
888 1039 799
889 1360 1120
890 2025 1785
891 608 368
892 1899 1659
893 2079 1839
894 2117 1877
895 1668 1428
896 1474 1234
897 1892 1652
898 1244 1004
899 2585 2345
900 1441 1201
901 1731 1491
902 1856 1616
903 1103 863
904 1012 772
905 563 323
906 1663 1423
907 2433 2193
908 2120 1880
909 1175 935
910 2068 1828
911 2499 2259
912 427 187
913 858 618
914 442 202
915 775 535
916 1328 1088
917 396 156
918 668 428
919 2604 2364
920 2286 2046
921 2355 2115
922 775 535
923 420 180
924 2312 2072
925 720 480
926 1089 849
927 1057 817
928 935 695
929 1424 1184
930 2354 2114
931 1467 1227
932 868 628
933 715 475
934 1280 1040
935 1376 1136
936 546 306
937 1084 844
938 2170 1930
939 1112 872
940 1975 1735
941 1822 1582
942 266 26
943 1492 1252
944 876 636
945 927 687
946 877 637
947 2195 1955
948 1978 1738
949 1187 947
950 2623 2383
951 976 736
952 2612 2372
953 1496 1256
954 1327 1087
955 748 508
956 1891 1651
957 1393 1153
958 1202 962
959 2131 1891
960 876 636
961 2626 2386
962 2195 1955
963 494 254
964 718 478
965 2615 2375
966 744 504
967 1412 1172
968 2344 2104
969 625 385
970 864 624
971 1069 829
972 1911 1671
973 1694 1454
974 376 136
975 1909 1669
976 989 749
977 1460 1220
978 876 636
979 1610 1370
980 1789 1549
981 1002 762
982 2571 2331
983 1730 1490
984 1379 1139
985 1394 1154
986 1540 1300
987 907 667
988 2369 2129
989 1463 1223
990 829 589
991 1168 928
992 787 547
993 655 415
994 1186 946
995 677 437
996 1764 1524
997 2333 2093
998 2170 1930
999 2448 2208
1000 1706 1466
1001 518 278
1002 597 357
1003 532 292
1004 1836 1596
1005 1389 1149
1006 1569 1329
1007 1659 1419
1008 1828 1588
1009 621 381
1010 796 556
1011 2431 2191
1012 1247 1007
1013 1203 963
1014 356 116
1015 2485 2245
1016 608 368
1017 822 582
1018 554 314
1019 1174 934
1020 1413 1173
1021 2548 2308
1022 421 181
1023 2092 1852
1024 2370 2130
1025 2186 1946
1026 1923 1683
1027 981 741
1028 1321 1081
1029 1455 1215
1030 1242 1002
1031 1847 1607
1032 652 412
1033 1710 1470
1034 285 45
1035 2496 2256
1036 473 233
1037 702 462
1038 2314 2074
1039 1721 1481
1040 2531 2291
1041 2271 2031
1042 1824 1584
1043 1511 1271
1044 1473 1233
1045 851 611
1046 1806 1566
1047 893 653
1048 1392 1152
1049 535 295
1050 838 598
1051 2529 2289
1052 2260 2020
1053 861 621
1054 1296 1056
1055 1721 1481
1056 1404 1164
1057 584 344
1058 1531 1291
1059 402 162
1060 1090 850
1061 322 82
1062 1198 958
1063 909 669
1064 914 674
1065 1085 845
1066 2429 2189
1067 1863 1623
1068 1890 1650
1069 2628 2388
1070 1495 1255
1071 707 467
1072 1440 1200
1073 2461 2221
1074 892 652
1075 1525 1285
1076 458 218
1077 319 79
1078 332 92
1079 718 478
1080 2133 1893
1081 2314 2074
1082 2459 2219
1083 2431 2191
1084 241 1
1085 1126 886
1086 672 432
1087 716 476
1088 2116 1876
1089 1179 939
1090 1325 1085
1091 1455 1215
1092 563 323
1093 490 250
1094 760 520
1095 1318 1078
1096 416 176
1097 1480 1240
1098 312 72
1099 954 714
1100 1420 1180
1101 1013 773
1102 1612 1372
1103 1933 1693
1104 381 141
1105 1692 1452
1106 1525 1285
1107 2335 2095
1108 763 523
1109 2473 2233
1110 963 723
1111 1628 1388
1112 2261 2021
1113 2081 1841
1114 1741 1501
1115 2213 1973
1116 1889 1649
1117 1123 883
1118 666 426
1119 1274 1034
1120 352 112
1121 2170 1930
1122 2013 1773
1123 994 754
1124 1151 911
1125 763 523
1126 2558 2318
1127 502 262
1128 666 426
1129 770 530
1130 1234 994
1131 944 704
1132 2331 2091
1133 2019 1779
1134 524 284
1135 1899 1659
1136 2208 1968
1137 1263 1023
1138 973 733
1139 1783 1543
1140 379 139
1141 2086 1846
1142 631 391
1143 2523 2283
1144 2130 1890
1145 2067 1827
1146 2272 2032
1147 263 23
1148 455 215
1149 1672 1432
1150 770 530
1151 1366 1126
1152 2226 1986
1153 1206 966
1154 2511 2271
1155 1564 1324
1156 747 507
1157 1801 1561
1158 417 177
1159 1746 1506
1160 1604 1364
1161 1343 1103
1162 688 448
1163 2459 2219
1164 1362 1122
1165 2435 2195
1166 732 492
1167 1585 1345
1168 1548 1308
1169 1610 1370
1170 2250 2010
1171 2097 1857
1172 1899 1659
1173 1481 1241
1174 300 60
1175 1792 1552
1176 2322 2082
1177 2577 2337
1178 1849 1609
1179 632 392
1180 2504 2264
1181 1481 1241
1182 2300 2060
1183 2420 2180
1184 1632 1392
1185 1862 1622
1186 2216 1976
1187 1492 1252
1188 2106 1866
1189 1896 1656
1190 488 248
1191 2252 2012
1192 1730 1490
1193 1204 964
1194 1460 1220
1195 2639 2399
1196 565 325
1197 1866 1626
1198 1984 1744
1199 1492 1252
1200 2052 1812
1201 1314 1074
1202 751 511
1203 2498 2258
1204 1746 1506
1205 2120 1880
1206 678 438
1207 2622 2382
1208 2231 1991
1209 1809 1569
1210 1499 1259
1211 2637 2397
1212 1607 1367
1213 1273 1033
1214 1483 1243
1215 2600 2360
1216 1549 1309
1217 955 715
1218 1258 1018
1219 1820 1580
1220 1296 1056
1221 2092 1852
1222 758 518
1223 2106 1866
1224 1560 1320
1225 1076 836
1226 421 181
1227 386 146
1228 938 698
1229 490 250
1230 1948 1708
1231 1350 1110
1232 878 638
1233 427 187
1234 1857 1617
1235 1790 1550
1236 882 642
1237 534 294
1238 1800 1560
1239 1193 953
1240 327 87
1241 2439 2199
1242 1546 1306
1243 1370 1130
1244 425 185
1245 1262 1022
1246 1940 1700
1247 1542 1302
1248 925 685
1249 1675 1435
1250 892 652
1251 1160 920
1252 626 386
1253 713 473
1254 2638 2398
1255 495 255
1256 1770 1530
1257 1812 1572
1258 2148 1908
1259 2502 2262
1260 2226 1986
1261 632 392
1262 692 452
1263 445 205
1264 589 349
1265 727 487
1266 547 307
1267 1209 969
1268 1583 1343
1269 1575 1335
1270 471 231
1271 1109 869
1272 1381 1141
1273 1894 1654
1274 1387 1147
1275 1810 1570
1276 1490 1250
1277 1530 1290
1278 2587 2347
1279 1923 1683
1280 2131 1891
1281 1833 1593
1282 1855 1615
1283 1614 1374
1284 1348 1108
1285 1682 1442
1286 437 197
1287 831 591
1288 444 204
1289 2151 1911
1290 535 295
1291 271 31
1292 275 35
1293 680 440
1294 1163 923
1295 428 188
1296 2053 1813
1297 1692 1452
1298 537 297
1299 582 342
1300 846 606
1301 1486 1246
1302 823 583
1303 2582 2342
1304 2004 1764
1305 1346 1106
1306 352 112
1307 2410 2170
1308 420 180
1309 2483 2243
1310 2116 1876
1311 2577 2337
1312 1845 1605
1313 1706 1466
1314 1465 1225
1315 896 656
1316 1577 1337
1317 1949 1709
1318 559 319
1319 2366 2126
1320 466 226
1321 1729 1489
1322 2337 2097
1323 499 259
1324 2481 2241
1325 1709 1469
1326 1318 1078
1327 263 23
1328 1465 1225
1329 302 62
1330 1511 1271
1331 1818 1578
1332 2323 2083
1333 928 688
1334 2316 2076
1335 2336 2096
1336 602 362
1337 2544 2304
1338 528 288
1339 1046 806
1340 1286 1046
1341 427 187
1342 2483 2243
1343 2566 2326
1344 1382 1142
1345 2401 2161
1346 333 93
1347 1266 1026
1348 1798 1558
1349 2364 2124
1350 799 559
1351 2177 1937
1352 336 96
1353 567 327
1354 1894 1654
1355 2563 2323
1356 2159 1919
1357 733 493
1358 265 25
1359 1859 1619
1360 911 671
1361 2304 2064
1362 1650 1410
1363 1960 1720
1364 545 305
1365 1170 930
1366 2425 2185
1367 519 279
1368 1146 906
1369 707 467
1370 2460 2220
1371 1833 1593
1372 858 618
1373 1655 1415
1374 2411 2171
1375 245 5
1376 874 634
1377 1283 1043
1378 2015 1775
1379 2394 2154
1380 1182 942
1381 1060 820
1382 299 59
1383 1786 1546
1384 507 267
1385 765 525
1386 1898 1658
1387 2550 2310
1388 754 514
1389 331 91
1390 2264 2024
1391 978 738
1392 810 570
1393 2310 2070
1394 445 205
1395 1125 885
1396 892 652
1397 1494 1254
1398 1828 1588
1399 896 656
1400 1496 1256
1401 975 735
1402 2058 1818
1403 1336 1096
1404 1861 1621
1405 2219 1979
1406 2417 2177
1407 2514 2274
1408 2245 2005
1409 1155 915
1410 1044 804
1411 2410 2170
1412 1782 1542
1413 1321 1081
1414 1845 1605
1415 1151 911
1416 2101 1861
1417 517 277
1418 1490 1250
1419 1694 1454
1420 1662 1422
1421 2506 2266
1422 1910 1670
1423 1546 1306
1424 2030 1790
1425 469 229
1426 1356 1116
1427 1061 821
1428 2185 1945
1429 2017 1777
1430 2383 2143
1431 1534 1294
1432 1655 1415
1433 713 473
1434 2460 2220
1435 631 391
1436 1258 1018
1437 251 11
1438 1257 1017
1439 1329 1089
1440 1179 939
1441 2453 2213
1442 2223 1983
1443 1334 1094
1444 1554 1314
1445 1376 1136
1446 706 466
1447 2435 2195
1448 963 723
1449 293 53
1450 833 593
1451 2384 2144
1452 2261 2021
1453 1200 960
1454 2345 2105
1455 2462 2222
1456 255 15
1457 2592 2352
1458 356 116
1459 732 492
1460 1676 1436
1461 1575 1335
1462 2399 2159
1463 725 485
1464 381 141
1465 1860 1620
1466 633 393
1467 2393 2153
1468 333 93
1469 379 139
1470 1271 1031
1471 550 310
1472 592 352
1473 2350 2110
1474 564 324
1475 2164 1924
1476 692 452
1477 2362 2122
1478 1334 1094
1479 2554 2314
1480 2474 2234
1481 1393 1153
1482 540 300
1483 1760 1520
1484 2334 2094
1485 2095 1855
1486 2067 1827
1487 1442 1202
1488 2369 2129
1489 379 139
1490 1768 1528
1491 1725 1485
1492 1000 760
1493 2364 2124
1494 503 263
1495 1305 1065
1496 653 413
1497 1141 901
1498 2210 1970
1499 819 579
1500 819 579
1501 2335 2095
1502 1566 1326
1503 742 502
1504 328 88
1505 1921 1681
1506 2151 1911
1507 917 677
1508 963 723
1509 2318 2078
1510 1108 868
1511 312 72
1512 844 604
1513 1500 1260
1514 1413 1173
1515 2593 2353
1516 1915 1675
1517 2396 2156
1518 729 489
1519 1738 1498
1520 792 552
1521 251 11
1522 1500 1260
1523 1084 844
1524 1762 1522
1525 404 164
1526 957 717
1527 1758 1518
1528 2571 2331
1529 431 191
1530 2301 2061
1531 1113 873
1532 1856 1616
1533 506 266
1534 2563 2323
1535 420 180
1536 583 343
1537 2019 1779
1538 1485 1245
1539 752 512
1540 1825 1585
1541 2607 2367
1542 1665 1425
1543 434 194
1544 846 606
1545 474 234
1546 1090 850
1547 2568 2328
1548 2416 2176
1549 2059 1819
1550 1918 1678
1551 298 58
1552 1672 1432
1553 1299 1059
1554 2308 2068
1555 815 575
1556 1949 1709
1557 611 371
1558 1107 867
1559 1113 873
1560 1947 1707
1561 1127 887
1562 1677 1437
1563 734 494
1564 1207 967
1565 2050 1810
1566 490 250
1567 1427 1187
1568 337 97
1569 1351 1111
1570 1737 1497
1571 279 39
1572 1554 1314
1573 1361 1121
1574 2593 2353
1575 474 234
1576 917 677
1577 1440 1200
1578 1654 1414
1579 2312 2072
1580 1634 1394
1581 977 737
1582 968 728
1583 1462 1222
1584 2133 1893
1585 1432 1192
1586 2309 2069
1587 1416 1176
1588 1182 942
1589 828 588
1590 2174 1934
1591 2620 2380
1592 1089 849
1593 2512 2272
1594 2262 2022
1595 2135 1895
1596 701 461
1597 1258 1018
1598 1367 1127
1599 2441 2201
1600 618 378
1601 2593 2353
1602 2207 1967
1603 799 559
1604 379 139
1605 1352 1112
1606 1176 936
1607 2246 2006
1608 1827 1587
1609 513 273
1610 1094 854
1611 247 7
1612 1397 1157
1613 1920 1680
1614 377 137
1615 1027 787
1616 547 307
1617 861 621
1618 1186 946
1619 1788 1548
1620 1064 824
1621 1237 997
1622 2018 1778
1623 2141 1901
1624 865 625
1625 638 398
1626 2077 1837
1627 2423 2183
1628 885 645
1629 2181 1941
1630 302 62
1631 345 105
1632 790 550
1633 326 86
1634 596 356
1635 1500 1260
1636 640 400
1637 2535 2295
1638 554 314
1639 1736 1496
1640 2142 1902
1641 913 673
1642 2293 2053
1643 1863 1623
1644 716 476
1645 492 252
1646 246 6
1647 420 180
1648 342 102
1649 2295 2055
1650 1119 879
1651 1310 1070
1652 896 656
1653 2560 2320
1654 2498 2258
1655 1647 1407
1656 863 623
1657 2502 2262
1658 1957 1717
1659 819 579
1660 1956 1716
1661 424 184
1662 530 290
1663 504 264
1664 2233 1993
1665 1065 825
1666 2507 2267
1667 513 273
1668 2180 1940
1669 2179 1939
1670 634 394
1671 790 550
1672 2152 1912
1673 2085 1845
1674 999 759
1675 1708 1468
1676 651 411
1677 2443 2203
1678 867 627
1679 1773 1533
1680 883 643
1681 1977 1737
1682 832 592
1683 1091 851
1684 1193 953
1685 2195 1955
1686 2275 2035
1687 2342 2102
1688 799 559
1689 283 43
1690 1906 1666
1691 2111 1871
1692 1037 797
1693 264 24
1694 1160 920
1695 2200 1960
1696 2135 1895
1697 479 239
1698 1576 1336
1699 739 499
1700 2187 1947
1701 913 673
1702 1102 862
1703 1380 1140
1704 1735 1495
1705 2193 1953
1706 1280 1040
1707 2395 2155
1708 823 583
1709 528 288
1710 1987 1747
1711 274 34
1712 2204 1964
1713 663 423
1714 2506 2266
1715 1311 1071
1716 936 696
1717 448 208
1718 873 633
1719 1942 1702
1720 581 341
1721 1329 1089
1722 553 313
1723 1743 1503
1724 1301 1061
1725 535 295
1726 1716 1476
1727 2447 2207
1728 821 581
1729 2587 2347
1730 1135 895
1731 565 325
1732 1051 811
1733 899 659
1734 2408 2168
1735 1796 1556
1736 2526 2286
1737 968 728
1738 2533 2293
1739 584 344
1740 2484 2244
1741 2030 1790
1742 1819 1579
1743 551 311
1744 1206 966
1745 1766 1526
1746 800 560
1747 709 469
1748 800 560
1749 1244 1004
1750 1400 1160
1751 1427 1187
1752 2165 1925
1753 349 109
1754 2444 2204
1755 1718 1478
1756 1984 1744
1757 1674 1434
1758 2074 1834
1759 1712 1472
1760 821 581
1761 2289 2049
1762 1349 1109
1763 429 189
1764 2293 2053
1765 334 94
1766 2284 2044
1767 1419 1179
1768 400 160
1769 1886 1646
1770 1784 1544
1771 262 22
1772 837 597
1773 1147 907
1774 1039 799
1775 1536 1296
1776 1701 1461
1777 921 681
1778 551 311
1779 2474 2234
1780 2230 1990
1781 2395 2155
1782 1364 1124
1783 2546 2306
1784 1395 1155
1785 2611 2371
1786 705 465
1787 1353 1113
1788 1233 993
1789 2613 2373
1790 1757 1517
1791 2031 1791
1792 700 460
1793 342 102
1794 781 541
1795 1052 812
1796 2015 1775
1797 1382 1142
1798 2592 2352
1799 974 734
1800 1347 1107
1801 2407 2167
1802 576 336
1803 1323 1083
1804 2479 2239
1805 1321 1081
1806 1667 1427
1807 690 450
1808 526 286
1809 836 596
1810 1825 1585
1811 2434 2194
1812 2542 2302
1813 1873 1633
1814 2624 2384
1815 2502 2262
1816 1828 1588
1817 294 54
1818 1068 828
1819 2395 2155
1820 1516 1276
1821 556 316
1822 1538 1298
1823 1408 1168
1824 462 222
1825 2269 2029
1826 1483 1243
1827 1081 841
1828 285 45
1829 319 79
1830 2566 2326
1831 1696 1456
1832 890 650
1833 2328 2088
1834 798 558
1835 1384 1144
1836 2517 2277
1837 942 702
1838 1339 1099
1839 751 511
1840 851 611
1841 1692 1452
1842 948 708
1843 2496 2256
1844 971 731
1845 914 674
1846 2242 2002
1847 1346 1106
1848 458 218
1849 2186 1946
1850 2479 2239
1851 1281 1041
1852 1398 1158
1853 1506 1266
1854 1517 1277
1855 695 455
1856 1424 1184
1857 2587 2347
1858 484 244
1859 790 550
1860 2034 1794
1861 1421 1181
1862 1155 915
1863 692 452
1864 376 136
1865 261 21
1866 1528 1288
1867 596 356
1868 572 332
1869 892 652
1870 1018 778
1871 1101 861
1872 2265 2025
1873 1493 1253
1874 1795 1555
1875 537 297
1876 1393 1153
1877 466 226
1878 1180 940
1879 1980 1740
1880 522 282
1881 1203 963
1882 1872 1632
1883 975 735
1884 1939 1699
1885 2189 1949
1886 2626 2386
1887 2120 1880
1888 1508 1268
1889 1795 1555
1890 1819 1579
1891 1800 1560
1892 2083 1843
1893 1412 1172
1894 987 747
1895 2369 2129
1896 451 211
1897 2016 1776
1898 337 97
1899 545 305
1900 519 279
1901 1160 920
1902 838 598
1903 831 591
1904 901 661
1905 1761 1521
1906 1843 1603
1907 737 497
1908 2053 1813
1909 1669 1429
1910 2034 1794
1911 1383 1143
1912 1352 1112
1913 342 102
1914 1874 1634
1915 2328 2088
1916 454 214
1917 1568 1328
1918 517 277
1919 456 216
1920 1807 1567
1921 1482 1242
1922 628 388
1923 1858 1618
1924 1587 1347
1925 1752 1512
1926 530 290
1927 2392 2152
1928 1950 1710
1929 1312 1072
1930 2445 2205
1931 1060 820
1932 283 43
1933 1158 918
1934 1185 945
1935 1753 1513
1936 1977 1737
1937 1239 999
1938 2246 2006
1939 1419 1179
1940 1451 1211
1941 734 494
1942 618 378
1943 1848 1608
1944 1257 1017
1945 1511 1271
1946 1114 874
1947 1681 1441
1948 1587 1347
1949 1198 958
1950 1657 1417
1951 553 313
1952 726 486
1953 2275 2035
1954 1203 963
1955 1722 1482
1956 2471 2231
1957 732 492
1958 459 219
1959 1422 1182
1960 1069 829
1961 1942 1702
1962 1105 865
1963 944 704
1964 443 203
1965 2090 1850
1966 879 639
1967 1711 1471
1968 2299 2059
1969 2120 1880
1970 1570 1330
1971 1932 1692
1972 2534 2294
1973 1843 1603
1974 1286 1046
1975 737 497
1976 1103 863
1977 2329 2089
1978 1226 986
1979 1646 1406
1980 1823 1583
1981 300 60
1982 2371 2131
1983 641 401
1984 2075 1835
1985 514 274
1986 829 589
1987 2017 1777
1988 899 659
1989 1478 1238
1990 1388 1148
1991 984 744
1992 2612 2372
1993 920 680
1994 2528 2288
1995 2106 1866
1996 1900 1660
1997 2088 1848
1998 1526 1286
1999 1046 806
2000 1261 1021
2001 2602 2362
2002 2603 2363
2003 1496 1256
2004 1978 1738
2005 2262 2022
2006 2411 2171
2007 2296 2056
2008 1375 1135
2009 2528 2288
2010 1608 1368
2011 1603 1363
2012 1486 1246
2013 1487 1247
2014 391 151
2015 1411 1171
2016 1156 916
2017 2235 1995
2018 1845 1605
2019 1198 958
2020 1130 890
2021 1032 792
2022 343 103
2023 296 56
2024 1526 1286
2025 1434 1194
2026 1022 782
2027 950 710
2028 978 738
2029 596 356
2030 760 520
2031 1824 1584
2032 1012 772
2033 2320 2080
2034 1763 1523
2035 930 690
2036 2285 2045
2037 2269 2029
2038 1789 1549
2039 2192 1952
2040 286 46
2041 1808 1568
2042 1560 1320
2043 451 211
2044 483 243
2045 329 89
2046 1193 953
2047 2404 2164
2048 1651 1411
2049 1860 1620
2050 2143 1903
2051 979 739
2052 1472 1232
2053 567 327
2054 912 672
2055 2004 1764
2056 2297 2057
2057 462 222
2058 847 607
2059 2583 2343
2060 2448 2208
2061 321 81
2062 346 106
2063 2371 2131
2064 885 645
2065 879 639
2066 2192 1952
2067 735 495
2068 1536 1296
2069 1978 1738
2070 2400 2160
2071 2012 1772
2072 814 574
2073 1790 1550
2074 540 300
2075 674 434
2076 1347 1107
2077 1327 1087
2078 2349 2109
2079 886 646
2080 2606 2366
2081 1838 1598
2082 1183 943
2083 1861 1621
2084 1738 1498
2085 775 535
2086 1885 1645
2087 2063 1823
2088 2528 2288
2089 2123 1883
2090 1624 1384
2091 338 98
2092 554 314
2093 933 693
2094 1280 1040
2095 1074 834
2096 467 227
2097 1146 906
2098 661 421
2099 1187 947
2100 2522 2282
2101 514 274
2102 1111 871
2103 1171 931
2104 1301 1061
2105 2590 2350
2106 1306 1066
2107 1238 998
2108 401 161
2109 2261 2021
2110 1110 870
2111 686 446
2112 344 104
2113 2223 1983
2114 1946 1706
2115 695 455
2116 652 412
2117 1165 925
2118 896 656
2119 525 285
2120 2447 2207
2121 1218 978
2122 604 364
2123 2523 2283
2124 1541 1301
2125 2322 2082
2126 1870 1630
2127 1921 1681
2128 1393 1153
2129 1126 886
2130 2423 2183
2131 2113 1873
2132 1212 972
2133 1161 921
2134 1672 1432
2135 742 502
2136 1749 1509
2137 2019 1779
2138 2197 1957
2139 529 289
2140 402 162
2141 1263 1023
2142 265 25
2143 2209 1969
2144 340 100
2145 1978 1738
2146 307 67
2147 1630 1390
2148 937 697
2149 2171 1931
2150 1054 814
2151 579 339
2152 1194 954
2153 713 473
2154 2399 2159
2155 1125 885
2156 837 597
2157 670 430
2158 615 375
2159 580 340
2160 1397 1157
2161 1542 1302
2162 2104 1864
2163 1230 990
2164 1101 861
2165 995 755
2166 2453 2213
2167 810 570
2168 1716 1476
2169 417 177
2170 2386 2146
2171 2055 1815
2172 2633 2393
2173 1585 1345
2174 1930 1690
2175 1762 1522
2176 2600 2360
2177 1476 1236
2178 1903 1663
2179 1006 766
2180 1733 1493
2181 1798 1558
2182 2235 1995
2183 739 499
2184 821 581
2185 1876 1636
2186 1318 1078
2187 2501 2261
2188 333 93
2189 2619 2379
2190 2065 1825
2191 1008 768
2192 706 466
2193 719 479
2194 2206 1966
2195 1469 1229
2196 2158 1918
2197 1732 1492
2198 579 339
2199 660 420
2200 2132 1892
2201 1325 1085
2202 1299 1059
2203 1806 1566
2204 923 683
2205 1230 990
2206 2588 2348
2207 2565 2325
2208 1303 1063
2209 2272 2032
2210 2000 1760
2211 1658 1418
2212 2085 1845
2213 577 337
2214 1915 1675
2215 643 403
2216 1940 1700
2217 822 582
2218 371 131
2219 719 479
2220 641 401
2221 2462 2222
2222 2062 1822
2223 2583 2343
2224 2459 2219
2225 2003 1763
2226 2317 2077
2227 771 531
2228 902 662
2229 2528 2288
2230 2357 2117
2231 918 678
2232 1819 1579
2233 1914 1674
2234 1758 1518
2235 1304 1064
2236 2540 2300
2237 2108 1868
2238 1893 1653
2239 1470 1230
2240 1572 1332
2241 1923 1683
2242 2524 2284
2243 1303 1063
2244 2349 2109
2245 2466 2226
2246 1346 1106
2247 693 453
2248 1227 987
2249 1347 1107
2250 2125 1885
2251 822 582
2252 486 246
2253 1723 1483
2254 386 146
2255 1103 863
2256 2534 2294
2257 1289 1049
2258 2279 2039
2259 404 164
2260 2359 2119
2261 651 411
2262 2097 1857
2263 1286 1046
2264 1099 859
2265 860 620
2266 855 615
2267 1977 1737
2268 1534 1294
2269 2638 2398
2270 359 119
2271 769 529
2272 2517 2277
2273 2240 2000
2274 2038 1798
2275 2009 1769
2276 1920 1680
2277 412 172
2278 1587 1347
2279 1615 1375
2280 767 527
2281 1264 1024
2282 917 677
2283 1327 1087
2284 1504 1264
2285 2406 2166
2286 275 35
2287 1963 1723
2288 358 118
2289 1186 946
2290 2610 2370
2291 900 660
2292 1061 821
2293 2616 2376
2294 1881 1641
2295 439 199
2296 330 90
2297 2248 2008
2298 2272 2032
2299 583 343
2300 568 328
2301 2519 2279
2302 1511 1271
2303 739 499
2304 1197 957
2305 1867 1627
2306 1923 1683
2307 2003 1763
2308 803 563
2309 2338 2098
2310 2547 2307
2311 900 660
2312 466 226
2313 2448 2208
2314 1489 1249
2315 462 222
2316 402 162
2317 1203 963
2318 2083 1843
2319 735 495
2320 319 79
2321 1844 1604
2322 241 1
2323 838 598
2324 2389 2149
2325 1277 1037
2326 2066 1826
2327 2301 2061
2328 1499 1259
2329 497 257
2330 319 79
2331 2580 2340
2332 700 460
2333 1004 764
2334 1929 1689
2335 2358 2118
2336 496 256
2337 313 73
2338 262 22
2339 2074 1834
2340 1881 1641
2341 426 186
2342 2534 2294
2343 1161 921
2344 2601 2361
2345 2423 2183
2346 868 628
2347 1446 1206
2348 2273 2033
2349 1142 902
2350 1687 1447
2351 863 623
2352 1780 1540
2353 1971 1731
2354 2409 2169
2355 271 31
2356 2283 2043
2357 492 252
2358 2239 1999
2359 1773 1533
2360 929 689
2361 716 476
2362 2135 1895
2363 916 676
2364 1838 1598
2365 1666 1426
2366 2192 1952
2367 592 352
2368 577 337
2369 2397 2157
2370 1283 1043
2371 738 498
2372 2279 2039
2373 646 406
2374 399 159
2375 1744 1504
2376 1832 1592
2377 1338 1098
2378 1170 930
2379 428 188
2380 2416 2176
2381 675 435
2382 2163 1923
2383 1503 1263
2384 1067 827
2385 434 194
2386 1692 1452
2387 1554 1314
2388 458 218
2389 538 298
2390 422 182
2391 537 297
2392 514 274
2393 1996 1756
2394 1772 1532
2395 1213 973
2396 2419 2179
2397 363 123
2398 578 338
2399 1540 1300
2400 1510 1270
