1
2500
1378080
1 2119 1
2 1587 696
3 2197 2167
4 1022 1290
5 1547 1613
6 722 474
7 330 922
8 2705 686
9 2432 1023
10 2354 1263
11 75 2589
12 770 2525
13 1407 2000
14 676 976
15 531 2523
16 2361 1356
17 998 1905
18 2027 1647
19 2239 2045
20 1891 2139
21 2050 2047
22 1210 11
23 2638 100
24 2525 627
25 243 1760
26 2537 1976
27 1377 475
28 918 2137
29 2299 1301
30 209 1881
31 1819 1751
32 1297 730
33 1775 2440
34 426 248
35 2641 168
36 784 2031
37 148 1213
38 275 281
39 1578 2567
40 2041 312
41 2498 610
42 250 2157
43 1791 2424
44 501 642
45 36 272
46 287 1722
47 252 2775
48 1867 1971
49 2054 1337
50 709 885
51 989 1804
52 1929 2794
53 2197 1226
54 113 426
55 1201 521
56 427 737
57 482 1512
58 1496 1359
59 2602 392
60 1937 909
61 2543 2740
62 1797 1143
63 2042 1279
64 605 122
65 351 2761
66 1104 1947
67 600 1261
68 50 1937
69 2186 2554
70 2231 672
71 2552 2636
72 2310 259
73 1942 1190
74 2776 2741
75 150 111
76 1104 1788
77 302 1606
78 1620 2755
79 1179 2323
80 970 1923
81 1295 267
82 1998 829
83 1285 1487
84 2239 1990
85 2037 370
86 1898 2623
87 1123 373
88 461 1456
89 1586 1377
90 46 481
91 2438 2289
92 1316 2133
93 903 2409
94 2003 2787
95 594 86
96 341 466
97 1545 1156
98 852 2784
99 810 2662
100 1460 1823
101 1597 1141
102 1213 1661
103 662 1016
104 1062 1262
105 603 605
106 2669 152
107 560 2113
108 2147 267
109 974 1249
110 2500 1387
111 2514 1774
112 2612 139
113 705 2519
114 1909 2456
115 169 581
116 1925 1551
117 1187 1528
118 1860 12
119 1349 553
120 2564 1344
121 596 1884
122 1305 430
123 2630 2725
124 1984 130
125 1381 2115
126 1083 1438
127 1376 2445
128 1370 419
129 1691 1448
130 246 696
131 567 658
132 2646 2506
133 2429 606
134 293 400
135 1523 12
136 971 1754
137 529 900
138 1479 1174
139 1053 1551
140 1262 126
141 2 403
142 2461 865
143 2527 1209
144 1131 1308
145 2460 1708
146 490 277
147 2696 1263
148 172 292
149 1758 844
150 241 495
151 501 1413
152 2558 1472
153 2294 1321
154 794 581
155 745 597
156 419 2307
157 1272 515
158 638 1112
159 245 692
160 2315 2476
161 1479 422
162 1814 2643
163 175 2066
164 1785 1474
165 1466 708
166 911 2443
167 367 2376
168 1379 2726
169 296 2494
170 119 1262
171 1229 2617
172 2258 854
173 1147 329
174 801 2262
175 228 1523
176 1869 2582
177 1713 1754
178 493 421
179 1410 1885
180 1250 1670
181 1637 2477
182 1552 2664
183 117 2424
184 1245 1361
185 842 2455
186 722 1654
187 1710 480
188 1310 2121
189 1600 1609
190 1418 1280
191 129 2154
192 887 62
193 1292 2173
194 404 768
195 835 1637
196 2363 310
197 1508 2632
198 411 811
199 1226 1067
200 304 2163
201 2208 2568
202 1742 1681
203 2048 14
204 1837 914
205 522 1926
206 78 841
207 592 909
208 1116 1592
209 1022 1459
210 1582 952
211 1927 878
212 697 1685
213 378 2796
214 2562 1400
215 1524 2611
216 1776 946
217 767 1335
218 480 2082
219 1479 1799
220 1330 1412
221 1213 1636
222 2545 1383
223 1381 1760
224 976 2120
225 1098 270
226 1712 1008
227 2322 2204
228 2558 1991
229 2076 410
230 1273 1619
231 2677 1558
232 1857 1809
233 2281 117
234 2603 959
235 1367 895
236 1137 2419
237 1934 1704
238 2598 2188
239 19 2119
240 1351 1523
241 2517 1941
242 1181 1565
243 839 1459
244 591 256
245 252 2760
246 1893 2335
247 690 2390
248 1319 580
249 1716 2696
250 356 2601
251 1011 906
252 2526 2371
253 1935 1637
254 274 2764
255 1968 2742
256 901 2476
257 1409 1465
258 522 1762
259 556 1719
260 1233 580
261 2112 841
262 1177 1233
263 1182 1320
264 2374 1887
265 2116 1507
266 1134 1751
267 1200 2732
268 2109 2569
269 1255 79
270 232 2428
271 622 1168
272 1150 454
273 2100 848
274 811 2549
275 451 2460
276 2566 312
277 2171 2050
278 1386 1325
279 2191 240
280 2450 2375
281 2635 75
282 717 2299
283 850 169
284 2626 615
285 791 235
286 893 448
287 2785 2315
288 182 2551
289 1602 382
290 1411 1032
291 1792 1301
292 388 302
293 962 294
294 2220 2566
295 2327 2
296 959 94
297 111 947
298 1271 2618
299 2637 628
300 1297 2019
301 2692 2637
302 1076 940
303 1263 2041
304 2017 1715
305 2781 2309
306 1958 1743
307 2185 216
308 1309 1132
309 2408 2122
310 1074 1697
311 1019 1714
312 753 1786
313 532 1488
314 446 759
315 181 723
316 2542 176
317 1683 919
318 178 2467
319 1290 1503
320 260 956
321 555 716
322 713 1519
323 880 1271
324 279 2117
325 449 1505
326 688 353
327 2382 1940
328 845 1886
329 1164 1892
330 2550 519
331 2221 360
332 541 2242
333 984 96
334 298 458
335 1879 450
336 1409 439
337 2015 1172
338 592 332
339 2683 2456
340 2788 253
341 1889 1903
342 2716 2139
343 2134 1819
344 2133 1726
345 877 1430
346 1732 2798
347 1034 1896
348 2258 1597
349 2037 1097
350 49 2052
351 2090 452
352 45 25
353 1838 2691
354 1006 346
355 124 1117
356 1546 713
357 1181 1289
358 2167 2083
359 501 1117
360 350 1406
361 2602 1912
362 1563 2511
363 544 168
364 2321 1158
365 784 392
366 1818 1446
367 1079 714
368 188 2005
369 1306 2589
370 152 428
371 279 1531
372 2188 1099
373 1351 2386
374 2599 2429
375 1952 221
376 140 1971
377 167 974
378 1648 1295
379 2675 2074
380 862 1055
381 412 1552
382 458 388
383 2529 776
384 67 1935
385 25 325
386 1793 2567
387 1858 1750
388 957 1257
389 1206 478
390 1376 2092
391 779 1742
392 2628 191
393 457 988
394 1030 866
395 806 1923
396 1789 2286
397 1341 870
398 37 1586
399 446 114
400 628 2363
401 1663 1919
402 446 2174
403 1983 1074
404 2115 261
405 363 786
406 53 341
407 458 741
408 760 1752
409 1027 1543
410 370 331
411 2718 1847
412 1155 1174
413 1816 2029
414 2366 275
415 1376 587
416 2388 1261
417 2062 1520
418 2162 615
419 243 499
420 1617 2709
421 2284 658
422 2555 923
423 1760 86
424 1341 2721
425 585 707
426 1928 943
427 2175 2585
428 1698 443
429 1872 1994
430 1833 1324
431 1516 1433
432 488 2441
433 1340 891
434 1010 2227
435 82 1693
436 842 1996
437 284 1025
438 517 1747
439 1330 438
440 1304 990
441 1599 2290
442 1163 1106
443 1453 815
444 1599 2065
445 1385 720
446 859 1168
447 277 239
448 434 2228
449 204 452
450 801 2745
451 1216 2691
452 1572 863
453 2623 723
454 1480 593
455 2228 1335
456 987 259
457 1002 2618
458 2288 2535
459 828 2556
460 1646 1164
461 2135 1315
462 2072 580
463 449 1680
464 1895 1217
465 2514 1184
466 1828 827
467 1840 2075
468 2706 1136
469 2330 444
470 1335 72
471 426 2782
472 236 1652
473 2237 2287
474 538 2355
475 783 147
476 2772 1536
477 1487 456
478 2451 2508
479 962 2353
480 2236 691
481 1155 786
482 2078 654
483 904 775
484 904 2772
485 2224 785
486 871 1229
487 2536 2654
488 1949 1269
489 1436 2420
490 1149 970
491 731 1162
492 2739 1090
493 2500 354
494 929 267
495 1789 2423
496 147 1728
497 946 1615
498 2324 1237
499 1130 893
500 1066 1008
501 2757 278
502 1996 2292
503 529 1149
504 1588 1819
505 1756 381
506 1007 591
507 1716 2163
508 2768 2645
509 714 2582
510 773 934
511 1381 2308
512 2530 2652
513 883 2346
514 2681 741
515 602 2415
516 1212 1207
517 2445 270
518 1433 2256
519 1674 1662
520 291 1881
521 2784 2031
522 2033 2071
523 366 1011
524 2752 253
525 1398 2295
526 2420 2689
527 2256 1021
528 364 2281
529 91 744
530 850 2162
531 958 82
532 1474 2269
533 589 445
534 2050 1223
535 455 388
536 2400 467
537 2252 1421
538 618 485
539 492 1679
540 2693 2078
541 1019 74
542 401 1391
543 1632 86
544 2276 2476
545 685 1339
546 1123 415
547 120 250
548 576 1478
549 472 2440
550 780 1514
551 172 1573
552 1741 93
553 485 652
554 1323 2095
555 723 633
556 2021 188
557 701 1441
558 1249 1573
559 2026 1283
560 1312 1834
561 173 1530
562 511 1554
563 1918 523
564 2426 262
565 1794 1330
566 1691 1504
567 1084 2179
568 1168 859
569 1933 1823
570 1339 2343
571 391 246
572 2690 2683
573 432 2227
574 2215 23
575 1330 1032
576 1586 1126
577 671 966
578 2107 1324
579 2177 1561
580 1764 1506
581 1648 703
582 322 1419
583 892 995
584 2508 1745
585 2010 2170
586 459 1457
587 1660 1641
588 482 352
589 1609 1137
590 1864 2392
591 1260 1241
592 1792 1780
593 776 2422
594 266 852
595 1048 1256
596 2690 12
597 1220 1364
598 325 2799
599 2544 2026
600 212 1652
601 2111 1074
602 1106 658
603 1638 280
604 2791 2782
605 859 369
606 1367 1197
607 2443 633
608 909 1160
609 1818 2315
610 1456 2780
611 1718 1452
612 2520 1866
613 1781 836
614 1098 946
615 108 650
616 2638 1110
617 17 2187
618 242 1150
619 2760 1094
620 1687 2153
621 1306 2599
622 2185 2730
623 500 1022
624 1885 1702
625 2652 2635
626 1986 1320
627 2398 473
628 730 1455
629 2308 372
630 1186 262
631 1252 1992
632 749 605
633 1907 1287
634 943 1769
635 2631 935
636 2341 2469
637 747 54
638 50 1970
639 747 2090
640 1091 83
641 415 1593
642 2308 974
643 1797 2242
644 2204 1391
645 2295 2311
646 1635 831
647 123 1240
648 213 1788
649 2297 2252
650 1806 1542
651 583 2046
652 1764 1942
653 1312 2306
654 1780 170
655 1876 1843
656 5 1137
657 1625 2266
658 937 1456
659 319 2509
660 2626 1326
661 897 1489
662 241 2259
663 1078 1469
664 1225 1223
665 871 62
666 1683 1578
667 1676 1888
668 1162 96
669 2288 2304
670 2646 1606
671 2643 1387
672 1142 1526
673 1293 2161
674 358 2626
675 1359 2524
676 496 1937
677 1254 327
678 319 2723
679 25 2093
680 671 419
681 1810 1264
682 305 2520
683 1385 930
684 906 1879
685 1020 1667
686 218 1593
687 171 1415
688 2234 5
689 975 1043
690 942 154
691 2459 2020
692 667 1146
693 2458 525
694 1714 1910
695 424 891
696 170 1538
697 1805 2470
698 1452 85
699 388 454
700 856 1056
701 2218 335
702 821 696
703 1377 2379
704 805 2674
705 2004 915
706 342 570
707 2405 681
708 1861 2111
709 1650 2277
710 1022 2254
711 870 266
712 2590 106
713 716 2229
714 1145 421
715 943 2177
716 1015 1694
717 2620 73
718 1818 1191
719 1417 411
720 1339 689
721 1583 613
722 1714 1894
723 1266 336
724 1523 995
725 593 1253
726 2021 1344
727 905 2160
728 415 2622
729 916 1152
730 2636 892
731 1359 2535
732 2541 885
733 1193 20
734 93 1353
735 1031 939
736 2352 1110
737 2324 910
738 52 2324
739 1494 122
740 234 1114
741 1500 1153
742 2094 320
743 2627 2255
744 1729 1602
745 328 539
746 2760 1885
747 663 924
748 413 1465
749 2770 501
750 2179 979
751 926 1295
752 88 1302
753 1911 481
754 1923 1877
755 68 478
756 2604 1272
757 2373 1660
758 2475 353
759 1289 1756
760 152 1098
761 2460 2011
762 1922 844
763 717 1364
764 1931 1518
765 2061 2591
766 2416 73
767 1123 666
768 1943 580
769 2445 1779
770 2785 1312
771 2225 367
772 606 1794
773 2450 1034
774 1376 1128
775 1278 1019
776 2632 858
777 868 2259
778 109 1775
779 2067 1971
780 507 2073
781 637 87
782 2567 2494
783 650 1410
784 2097 1187
785 1497 311
786 514 839
787 753 2721
788 677 234
789 614 2400
790 994 1672
791 2728 1137
792 1493 2022
793 2069 1192
794 2542 1976
795 1934 588
796 449 2780
797 2422 1472
798 1661 695
799 1927 2618
800 778 2601
801 1567 2753
802 1339 159
803 1736 712
804 2787 806
805 2054 1073
806 757 2007
807 1337 1680
808 1507 1987
809 146 1821
810 424 2348
811 178 2197
812 1425 2701
813 2637 398
814 1445 1783
815 862 1141
816 950 105
817 1556 2086
818 400 460
819 314 2695
820 1502 696
821 453 2673
822 476 2423
823 2406 2652
824 902 180
825 1679 2055
826 256 1470
827 1858 1120
828 623 607
829 1317 1062
830 116 1379
831 290 184
832 793 2264
833 1067 825
834 740 273
835 394 339
836 1512 2550
837 2359 2645
838 1211 2668
839 1427 2603
840 643 1133
841 1392 937
842 553 2051
843 1635 2355
844 2159 1302
845 2466 2043
846 1997 2271
847 120 424
848 1495 1560
849 1336 1839
850 747 1699
851 2462 1873
852 2295 740
853 640 1553
854 183 955
855 947 1888
856 2764 434
857 666 2423
858 296 2671
859 1433 1808
860 1941 2502
861 1113 2689
862 1461 703
863 1476 1495
864 581 1007
865 2495 1547
866 1611 2725
867 1368 1059
868 686 1556
869 1893 2328
870 1444 1544
871 1179 1790
872 2166 1911
873 1360 1526
874 560 69
875 360 1004
876 2725 787
877 1404 2509
878 544 2278
879 634 2234
880 581 1072
881 1509 2049
882 53 189
883 2044 94
884 160 1979
885 1144 46
886 997 422
887 399 1307
888 1061 896
889 1111 681
890 2390 2234
891 724 2155
892 1555 2706
893 2065 371
894 193 1113
895 1917 1573
896 1660 1791
897 141 102
898 175 12
899 1952 2742
900 2307 2334
901 1136 2167
902 1039 683
903 227 681
904 686 850
905 1585 996
906 1902 994
907 1584 1633
908 1188 2662
909 2028 1654
910 2476 1355
911 1698 716
912 1822 1968
913 843 1229
914 2445 441
915 726 1679
916 650 256
917 958 888
918 1477 1944
919 1099 2302
920 2611 511
921 1108 1052
922 1531 1456
923 2 2674
924 1018 1106
925 2639 346
926 758 1041
927 1677 66
928 1584 1655
929 1444 2347
930 594 2150
931 915 781
932 1736 2052
933 88 821
934 332 1156
935 1978 1852
936 1625 1261
937 1155 1653
938 2353 697
939 940 2226
940 2682 140
941 832 163
942 99 2735
943 386 1149
944 68 1480
945 2379 1955
946 1443 360
947 1947 2372
948 1011 129
949 1297 976
950 1879 705
951 1798 1720
952 661 591
953 1603 721
954 1013 897
955 994 2629
956 2312 2343
957 1234 1302
958 2614 2088
959 277 1728
960 1167 1816
961 1188 1242
962 947 418
963 2290 1112
964 2110 152
965 2205 672
966 443 820
967 145 2518
968 1737 2713
969 806 999
970 411 1579
971 378 2094
972 1817 408
973 2474 71
974 2547 2241
975 217 2158
976 2086 313
977 163 435
978 1831 1082
979 1419 92
980 1229 2782
981 1265 1702
982 203 1504
983 1839 2250
984 2459 271
985 930 2280
986 2294 492
987 1446 403
988 2463 497
989 1786 2089
990 383 206
991 131 860
992 2235 2401
993 989 674
994 259 2177
995 1548 2438
996 2772 1544
997 1088 1480
998 60 266
999 886 648
1000 1821 6
1001 363 1162
1002 1738 1256
1003 971 2022
1004 1935 1256
1005 568 2288
1006 2446 2563
1007 2551 447
1008 116 1171
1009 1605 795
1010 2490 1758
1011 1703 1192
1012 1286 2456
1013 1982 794
1014 2738 1510
1015 2520 2756
1016 372 2384
1017 723 2080
1018 1245 2290
1019 1949 2429
1020 446 1552
1021 2120 2768
1022 643 2211
1023 1753 1689
1024 1811 1364
1025 303 1220
1026 1632 1139
1027 272 1927
1028 1257 2564
1029 1807 2222
1030 2608 1543
1031 2506 2481
1032 645 931
1033 352 1039
1034 2096 2495
1035 160 1738
1036 974 572
1037 1900 2750
1038 2707 1234
1039 909 687
1040 366 1846
1041 1743 1198
1042 2698 1621
1043 2045 1335
1044 688 1423
1045 984 1083
1046 2714 498
1047 240 1493
1048 1027 834
1049 2021 506
1050 2282 2147
1051 2071 1474
1052 1461 2131
1053 2666 1150
1054 2161 1398
1055 1270 21
1056 104 1646
1057 2506 1583
1058 1212 55
1059 1056 125
1060 1007 2285
1061 764 2178
1062 901 2283
1063 2030 2482
1064 2353 1281
1065 983 1686
1066 2172 673
1067 1032 1321
1068 2309 1302
1069 357 1779
1070 2162 1489
1071 1625 2223
1072 900 2769
1073 1267 2538
1074 2697 990
1075 2414 2331
1076 2554 1139
1077 1359 473
1078 1397 85
1079 1575 430
1080 757 2340
1081 264 902
1082 2461 1790
1083 2213 2355
1084 2676 170
1085 1346 977
1086 1193 615
1087 890 1745
1088 1560 2322
1089 1263 836
1090 1893 2766
1091 395 758
1092 581 899
1093 2678 1236
1094 493 1861
1095 1025 2379
1096 1666 768
1097 366 1279
1098 1118 2429
1099 2739 1492
1100 292 1620
1101 1459 1485
1102 283 1166
1103 748 1790
1104 1463 725
1105 2560 2032
1106 2245 218
1107 475 2337
1108 100 403
1109 531 2582
1110 2001 2479
1111 222 1022
1112 2619 743
1113 77 563
1114 662 531
1115 2517 1488
1116 2779 2278
1117 718 74
1118 1900 1864
1119 2053 1068
1120 132 2030
1121 284 483
1122 109 2663
1123 706 1026
1124 1387 453
1125 2285 1907
1126 1846 1782
1127 2546 1083
1128 1894 1663
1129 1239 2649
1130 1719 964
1131 1057 11
1132 459 246
1133 2215 1420
1134 2094 137
1135 2519 1998
1136 677 129
1137 2198 1600
1138 2080 2569
1139 2147 572
1140 927 1775
1141 1877 1424
1142 2464 687
1143 2035 1366
1144 2118 923
1145 1570 546
1146 21 2660
1147 1641 776
1148 490 1399
1149 1632 408
1150 2328 743
1151 1271 279
1152 557 1299
1153 2483 2027
1154 163 563
1155 707 98
1156 626 1060
1157 1649 608
1158 962 622
1159 2643 963
1160 1679 1695
1161 801 804
1162 1749 2198
1163 1826 2237
1164 59 2461
1165 79 657
1166 2060 740
1167 2489 364
1168 256 518
1169 1622 2073
1170 1241 1034
1171 1494 586
1172 761 1321
1173 1028 1383
1174 2433 1206
1175 1047 1302
1176 2340 1823
1177 169 1331
1178 1243 431
1179 2799 1452
1180 689 1933
1181 2295 876
1182 798 1876
1183 1952 1026
1184 1137 1952
1185 1443 957
1186 1639 2498
1187 2159 6
1188 1192 704
1189 2130 1498
1190 176 2188
1191 1923 2435
1192 2427 463
1193 252 2594
1194 1018 2514
1195 982 2298
1196 2674 2697
1197 1132 2156
1198 179 573
1199 1938 923
1200 1270 1300
1201 254 59
1202 96 494
1203 2772 651
1204 1219 1247
1205 607 1884
1206 2260 548
1207 2635 1437
1208 1559 452
1209 1536 805
1210 998 132
1211 409 1820
1212 2353 2375
1213 307 229
1214 255 2481
1215 1217 2300
1216 66 2294
1217 748 792
1218 2217 259
1219 1815 126
1220 895 1080
1221 2720 1234
1222 1008 2385
1223 1731 1514
1224 1580 1360
1225 2681 1457
1226 804 1881
1227 173 2372
1228 1874 2410
1229 719 524
1230 1749 1012
1231 354 2297
1232 1193 1370
1233 896 1768
1234 2005 2053
1235 1581 2017
1236 334 913
1237 264 575
1238 25 1096
1239 1710 172
1240 1838 2281
1241 1817 1753
1242 2664 1045
1243 1702 2583
1244 1256 214
1245 2004 1381
1246 938 315
1247 1096 1382
1248 1263 1764
1249 1390 1790
1250 2201 311
1251 1881 1801
1252 485 877
1253 1948 936
1254 339 1101
1255 1089 1529
1256 65 1202
1257 550 2401
1258 2517 267
1259 776 1289
1260 473 719
1261 1895 2258
1262 481 1274
1263 1129 615
1264 136 1385
1265 2522 894
1266 1112 2782
1267 1297 2410
1268 1289 1664
1269 1438 720
1270 1441 67
1271 608 1107
1272 2521 63
1273 1939 2670
1274 1648 336
1275 902 1166
1276 1544 1305
1277 1466 618
1278 398 885
1279 1271 1455
1280 136 1740
1281 265 364
1282 2359 1518
1283 1959 39
1284 1900 1935
1285 1524 2123
1286 679 255
1287 2510 1647
1288 842 836
1289 1572 2643
1290 268 151
1291 869 1689
1292 1049 488
1293 2292 1982
1294 2231 1615
1295 2471 2468
1296 1011 256
1297 2254 1133
1298 490 1226
1299 2000 2118
1300 2660 2204
1301 2065 366
1302 666 388
1303 17 1985
1304 1704 2566
1305 1838 2469
1306 1710 1253
1307 2409 2352
1308 96 1777
1309 1686 1876
1310 1101 1453
1311 1853 1976
1312 1885 251
1313 1245 1125
1314 980 2279
1315 816 570
1316 115 2509
1317 778 2540
1318 429 2344
1319 251 2365
1320 487 2551
1321 1876 103
1322 1945 2350
1323 438 1142
1324 1569 2391
1325 1046 1151
1326 7 818
1327 316 2305
1328 1754 544
1329 1835 2183
1330 2745 2760
1331 1371 1526
1332 1839 645
1333 1058 665
1334 1125 588
1335 2577 2727
1336 1547 1261
1337 1082 14
1338 946 2181
1339 2751 1694
1340 272 1742
1341 1046 980
1342 1718 724
1343 490 65
1344 2591 1172
1345 875 1671
1346 2286 2531
1347 1060 656
1348 1914 1896
1349 1533 2026
1350 2310 71
1351 103 2755
1352 2057 1739
1353 2245 1117
1354 1868 1359
1355 218 2685
1356 801 682
1357 2477 134
1358 2065 357
1359 2569 397
1360 766 585
1361 609 2329
1362 1399 794
1363 96 1914
1364 2698 2618
1365 751 659
1366 1299 1643
1367 688 2756
1368 83 629
1369 2119 2520
1370 1244 768
1371 2249 2072
1372 2168 1823
1373 1724 842
1374 1002 585
1375 2622 1098
1376 652 213
1377 97 898
1378 1367 1
1379 1283 233
1380 17 2079
1381 2557 2374
1382 1409 77
1383 1729 1584
1384 1998 1999
1385 262 612
1386 1237 1707
1387 2529 65
1388 2057 1265
1389 601 2627
1390 1941 917
1391 588 2282
1392 1293 1755
1393 1040 2486
1394 419 2685
1395 1201 1121
1396 981 1547
1397 201 921
1398 1523 1840
1399 943 1289
1400 2782 382
1401 1878 2100
1402 1100 1349
1403 981 829
1404 521 85
1405 1783 373
1406 2151 2109
1407 825 1122
1408 2485 31
1409 225 920
1410 670 1842
1411 2606 150
1412 2425 2083
1413 378 1104
1414 2638 1385
1415 2619 1093
1416 840 1524
1417 1881 1340
1418 1957 2418
1419 187 400
1420 570 653
1421 2730 565
1422 1875 1284
1423 2407 37
1424 1001 917
1425 760 1036
1426 1869 2228
1427 1773 268
1428 992 1386
1429 2305 1774
1430 997 812
1431 140 1158
1432 1262 2135
1433 2485 33
1434 435 405
1435 1733 2606
1436 2641 351
1437 759 966
1438 2062 768
1439 1275 1177
1440 347 593
1441 314 2599
1442 547 966
1443 2659 2727
1444 320 2436
1445 1492 919
1446 1341 2653
1447 4 977
1448 677 762
1449 189 2135
1450 1866 291
1451 2216 1003
1452 1522 2766
1453 2161 317
1454 1516 1394
1455 489 49
1456 2241 167
1457 1209 12
1458 1813 1837
1459 2564 1899
1460 972 1253
1461 1478 704
1462 1161 1263
1463 969 1962
1464 418 352
1465 2550 1952
1466 1791 2064
1467 2536 890
1468 801 142
1469 1724 1325
1470 672 769
1471 1524 1232
1472 1357 268
1473 332 1551
1474 1734 140
1475 292 1916
1476 536 1393
1477 763 1644
1478 2590 2695
1479 93 1541
1480 2183 2448
1481 51 2211
1482 1334 2687
1483 40 2113
1484 1203 99
1485 2700 762
1486 175 1535
1487 274 2716
1488 388 1458
1489 916 261
1490 43 1208
1491 342 2077
1492 2007 2604
1493 1688 1760
1494 831 2728
1495 1124 166
1496 889 2059
1497 1352 129
1498 1778 2021
1499 542 147
1500 2634 226
1501 2550 1769
1502 2332 641
1503 2341 1735
1504 1291 1119
1505 2567 1745
1506 567 453
1507 1679 340
1508 1839 2187
1509 464 351
1510 561 2423
1511 404 769
1512 829 2182
1513 601 2496
1514 2216 2486
1515 60 2691
1516 395 462
1517 1325 2365
1518 2043 426
1519 2258 2199
1520 980 166
1521 1655 2040
1522 1567 2694
1523 1827 2547
1524 1827 401
1525 1623 1181
1526 2055 2040
1527 575 586
1528 645 694
1529 2251 1636
1530 1291 229
1531 1383 2678
1532 2251 330
1533 149 1851
1534 2130 2591
1535 413 670
1536 1477 1612
1537 2635 2477
1538 1431 2384
1539 758 2239
1540 2215 529
1541 2081 383
1542 6 1678
1543 1178 2789
1544 711 2782
1545 2160 271
1546 1071 1447
1547 1330 385
1548 2316 1308
1549 1491 1430
1550 690 4
1551 2217 1937
1552 2736 883
1553 1108 469
1554 2402 1863
1555 508 1261
1556 591 1793
1557 2147 824
1558 2162 190
1559 1865 1253
1560 1110 1106
1561 1951 1304
1562 378 2240
1563 19 1526
1564 1316 1223
1565 2298 1874
1566 978 572
1567 1451 2580
1568 2779 1280
1569 1192 451
1570 2612 799
1571 264 1919
1572 1583 2469
1573 448 301
1574 606 2396
1575 1088 320
1576 2693 1094
1577 1465 160
1578 1805 2291
1579 1404 394
1580 1093 2160
1581 158 2596
1582 2339 716
1583 968 1627
1584 73 1624
1585 2442 139
1586 2578 2171
1587 2399 1722
1588 2763 815
1589 828 929
1590 2398 1835
1591 2482 2728
1592 2218 2430
1593 2628 1165
1594 2239 1717
1595 1586 273
1596 389 441
1597 2275 2383
1598 2172 856
1599 433 362
1600 2301 2766
1601 526 1634
1602 1616 1887
1603 581 1266
1604 1303 2532
1605 1372 729
1606 2263 2624
1607 2725 226
1608 1719 2062
1609 2035 995
1610 2050 2489
1611 1689 511
1612 2150 711
1613 478 2216
1614 94 387
1615 2445 1220
1616 989 2182
1617 2601 299
1618 2481 1489
1619 1902 2619
1620 823 1401
1621 1234 1751
1622 1853 1935
1623 2603 1986
1624 1074 1307
1625 1482 2388
1626 2170 148
1627 405 1304
1628 2270 2447
1629 2546 1618
1630 48 1682
1631 622 2047
1632 2300 2164
1633 398 650
1634 1241 1987
1635 861 1896
1636 2559 1601
1637 533 130
1638 339 2203
1639 2089 1021
1640 2030 1175
1641 2542 1495
1642 2076 362
1643 2713 607
1644 79 1220
1645 51 2385
1646 2500 2585
1647 1962 670
1648 1565 2012
1649 353 1988
1650 14 1498
1651 2616 607
1652 1107 800
1653 2486 1611
1654 174 825
1655 1186 165
1656 1935 2744
1657 81 1085
1658 2475 543
1659 2058 1338
1660 2719 42
1661 1830 2778
1662 1118 2011
1663 35 436
1664 1574 2275
1665 551 1965
1666 2129 1401
1667 1857 930
1668 2103 1226
1669 491 728
1670 1857 2365
1671 635 1902
1672 2040 1953
1673 314 844
1674 2668 2550
1675 460 1355
1676 1505 949
1677 525 880
1678 627 2109
1679 2349 502
1680 1674 171
1681 2610 1639
1682 312 1045
1683 1581 1415
1684 2512 1715
1685 471 61
1686 1457 186
1687 633 2366
1688 239 342
1689 1690 2328
1690 451 2564
1691 1779 1464
1692 633 2585
1693 2607 2488
1694 2455 483
1695 494 1449
1696 381 2330
1697 584 2360
1698 455 1586
1699 543 1808
1700 912 1887
1701 2318 253
1702 1425 837
1703 654 1736
1704 2087 1516
1705 2151 2500
1706 51 236
1707 610 2195
1708 1114 1067
1709 189 2677
1710 2525 1744
1711 1896 1247
1712 2499 1011
1713 1053 996
1714 2642 259
1715 125 2099
1716 2444 1299
1717 420 1548
1718 790 82
1719 1310 1136
1720 2260 1445
1721 388 1332
1722 512 2452
1723 2494 2049
1724 1226 590
1725 1309 2700
1726 1945 409
1727 1264 925
1728 1424 1274
1729 931 1886
1730 1611 1549
1731 697 706
1732 1496 1378
1733 1470 2191
1734 2419 164
1735 1439 1561
1736 186 903
1737 2277 445
1738 1487 589
1739 2748 2262
1740 460 1477
1741 2641 2112
1742 1872 1810
1743 858 1527
1744 1416 403
1745 1168 90
1746 2633 131
1747 264 578
1748 1353 2367
1749 1007 1801
1750 2429 1120
1751 2787 1785
1752 2269 2085
1753 1422 2146
1754 4 1230
1755 1597 6
1756 2548 1414
1757 1712 1029
1758 2502 654
1759 330 2065
1760 783 1810
1761 1159 13
1762 1422 619
1763 685 1719
1764 1937 1136
1765 1196 702
1766 1015 2186
1767 2783 450
1768 1345 611
1769 324 119
1770 2178 2665
1771 2472 2693
1772 2358 2388
1773 59 1264
1774 302 1042
1775 1827 2463
1776 697 1708
1777 1053 1274
1778 958 2567
1779 1230 5
1780 565 1465
1781 1943 1731
1782 454 901
1783 535 2441
1784 1562 1861
1785 1306 2561
1786 2558 2451
1787 911 1159
1788 1781 1636
1789 2344 1732
1790 1149 641
1791 1402 948
1792 122 308
1793 325 358
1794 1694 1707
1795 13 2656
1796 1882 908
1797 1238 1452
1798 1454 790
1799 2687 1138
1800 252 1247
1801 757 1555
1802 2395 223
1803 2344 1632
1804 2615 1320
1805 1450 501
1806 1238 1072
1807 67 1094
1808 518 2621
1809 531 2788
1810 929 2525
1811 511 843
1812 2178 1950
1813 844 43
1814 1922 208
1815 234 2257
1816 891 2213
1817 391 370
1818 1422 2338
1819 2485 2548
1820 127 2214
1821 245 1368
1822 2254 227
1823 2738 1495
1824 1009 2669
1825 1195 1864
1826 2012 2558
1827 2008 284
1828 1283 708
1829 2558 2150
1830 1910 1912
1831 1165 2762
1832 1467 1580
1833 982 721
1834 250 1200
1835 10 2150
1836 2161 2448
1837 1326 993
1838 2680 2334
1839 2251 397
1840 2079 567
1841 2673 1255
1842 2211 2053
1843 1932 1541
1844 2527 801
1845 2367 1553
1846 1599 690
1847 2348 1377
1848 1120 1111
1849 2245 661
1850 900 1244
1851 1437 124
1852 2241 2332
1853 2312 98
1854 2585 372
1855 1057 666
1856 1284 224
1857 2186 100
1858 665 1188
1859 814 668
1860 2636 2649
1861 2227 655
1862 1713 1362
1863 1691 1210
1864 574 1673
1865 1049 641
1866 1391 2507
1867 1328 1032
1868 643 1181
1869 1399 865
1870 2228 2010
1871 1833 499
1872 1236 1322
1873 2697 1428
1874 2147 256
1875 1427 2403
1876 1404 160
1877 2638 1076
1878 447 1755
1879 861 425
1880 2186 920
1881 2293 1545
1882 944 1873
1883 120 1567
1884 587 2711
1885 2288 82
1886 174 1779
1887 1831 1548
1888 1507 2411
1889 51 1770
1890 1668 205
1891 2719 479
1892 1941 2330
1893 1909 85
1894 2750 1394
1895 72 2385
1896 1254 2168
1897 1389 1858
1898 522 1425
1899 1017 422
1900 2334 943
1901 1029 200
1902 138 2069
1903 2495 2506
1904 1254 1382
1905 1611 1562
1906 384 798
1907 1958 677
1908 2698 1276
1909 2122 2021
1910 2465 698
1911 1774 2040
1912 1575 955
1913 2725 2079
1914 226 1760
1915 2199 1615
1916 1950 2295
1917 860 1239
1918 541 2113
1919 2644 2622
1920 63 2094
1921 1093 825
1922 2653 1976
1923 380 759
1924 910 296
1925 2436 1657
1926 2364 968
1927 516 2032
1928 2017 279
1929 1330 2036
1930 1708 1826
1931 1701 1583
1932 96 1509
1933 1833 1860
1934 923 1294
1935 2508 2191
1936 1763 1258
1937 2277 1931
1938 2380 2798
1939 1796 1898
1940 887 516
1941 324 2756
1942 1109 816
1943 1613 1646
1944 1705 670
1945 215 1062
1946 1867 1130
1947 376 2346
1948 1512 2156
1949 2542 274
1950 1591 2750
1951 2249 1488
1952 2119 1387
1953 2383 2306
1954 2180 2069
1955 403 2209
1956 408 899
1957 1376 170
1958 381 2694
1959 1391 231
1960 545 2758
1961 872 745
1962 1459 1293
1963 148 67
1964 2730 2416
1965 2161 918
1966 1477 230
1967 447 1909
1968 29 1526
1969 344 2628
1970 662 1809
1971 1965 322
1972 1908 2585
1973 2123 2128
1974 1963 653
1975 12 1117
1976 1231 2450
1977 2697 287
1978 1609 991
1979 1261 1248
1980 1595 1557
1981 901 723
1982 2010 1017
1983 740 2193
1984 410 320
1985 195 2789
1986 697 2454
1987 2214 320
1988 833 1674
1989 409 2361
1990 81 2457
1991 409 2693
1992 341 1670
1993 2319 2175
1994 2785 1715
1995 727 308
1996 1853 1535
1997 1695 1357
1998 1706 44
1999 2282 1802
2000 2291 2747
2001 1141 1512
2002 446 1543
2003 2609 2766
2004 626 1915
2005 319 2042
2006 1379 544
2007 2186 2051
2008 2104 2710
2009 909 1770
2010 686 414
2011 2213 1266
2012 53 1267
2013 49 2041
2014 1432 2531
2015 503 1234
2016 378 1501
2017 2304 1489
2018 1020 905
2019 755 546
2020 235 1838
2021 384 2774
2022 2790 404
2023 1218 123
2024 1965 727
2025 1783 2470
2026 2341 1044
2027 2572 1152
2028 1416 51
2029 929 2410
2030 2281 305
2031 1261 1439
2032 453 1529
2033 362 1973
2034 1221 863
2035 160 1534
2036 1712 2105
2037 2528 1121
2038 2317 2138
2039 86 1680
2040 2454 267
2041 1650 2311
2042 521 1768
2043 672 1344
2044 2152 821
2045 2051 1877
2046 1968 1003
2047 1104 2323
2048 22 1875
2049 1590 2183
2050 877 1390
2051 828 2552
2052 2165 2239
2053 1827 1184
2054 2301 2725
2055 251 600
2056 393 2584
2057 1393 255
2058 2302 1103
2059 917 2679
2060 1370 1052
2061 1401 605
2062 1586 357
2063 2726 1603
2064 2403 1632
2065 2201 907
2066 1801 842
2067 1771 1682
2068 1758 1988
2069 350 406
2070 1370 314
2071 1010 2022
2072 217 1121
2073 1496 1605
2074 362 861
2075 206 858
2076 1827 2492
2077 1641 390
2078 594 2402
2079 2417 851
2080 718 1778
2081 1110 342
2082 861 1942
2083 2672 1073
2084 2575 2364
2085 964 2440
2086 23 2125
2087 1698 221
2088 1433 2202
2089 1115 1082
2090 1550 1861
2091 993 1675
2092 453 2345
2093 1110 1925
2094 1253 1128
2095 1830 1591
2096 2173 63
2097 1265 2715
2098 588 2631
2099 2560 809
2100 524 747
2101 601 1081
2102 2728 1377
2103 974 1442
2104 335 391
2105 2031 2084
2106 1617 1804
2107 2144 767
2108 390 1384
2109 1317 1597
2110 1902 392
2111 2633 531
2112 2643 1338
2113 430 2783
2114 394 673
2115 1679 2222
2116 793 885
2117 1746 269
2118 322 1083
2119 937 586
2120 413 2429
2121 999 855
2122 1957 1733
2123 2575 1257
2124 984 363
2125 2552 2115
2126 2178 585
2127 270 42
2128 1235 1639
2129 418 1989
2130 332 535
2131 977 2308
2132 2666 159
2133 401 809
2134 569 2207
2135 1496 2551
2136 1881 478
2137 1287 549
2138 1454 326
2139 1348 1487
2140 2417 920
2141 1717 1514
2142 2372 813
2143 1064 2194
2144 19 2058
2145 176 1122
2146 1958 1070
2147 745 1934
2148 739 1084
2149 1261 1696
2150 2016 96
2151 2015 1182
2152 2662 224
2153 164 1493
2154 801 2128
2155 2705 1684
2156 2020 2258
2157 976 2231
2158 89 2408
2159 1084 1261
2160 438 1015
2161 1084 297
2162 1531 714
2163 317 1074
2164 328 2576
2165 983 2679
2166 460 371
2167 1649 1587
2168 2472 1078
2169 1505 2632
2170 865 1114
2171 2091 316
2172 2724 125
2173 1787 1325
2174 1588 239
2175 1438 849
2176 2368 1378
2177 186 1390
2178 2688 1838
2179 2511 403
2180 1037 511
2181 2085 1217
2182 1520 108
2183 116 394
2184 2482 2260
2185 1522 2164
2186 1731 614
2187 2278 346
2188 1671 237
2189 2044 2016
2190 2730 2726
2191 2402 1152
2192 772 2528
2193 559 86
2194 1272 2431
2195 2307 484
2196 2278 2253
2197 2698 1571
2198 1761 1902
2199 1466 2231
2200 1562 862
2201 1195 413
2202 1691 2361
2203 1734 1763
2204 1232 1030
2205 2198 2356
2206 191 1105
2207 411 2160
2208 1464 756
2209 638 2132
2210 1720 321
2211 2095 1082
2212 1848 2607
2213 810 544
2214 1122 382
2215 920 1901
2216 2403 2392
2217 1441 902
2218 956 438
2219 1327 908
2220 194 1421
2221 2653 527
2222 854 2515
2223 927 643
2224 2143 690
2225 44 1853
2226 1587 1527
2227 1157 1834
2228 933 455
2229 1401 1212
2230 1608 928
2231 2369 1874
2232 2689 2119
2233 423 1843
2234 1914 2563
2235 2532 1575
2236 1763 628
2237 2726 2466
2238 516 1169
2239 1744 222
2240 637 1182
2241 523 1635
2242 1118 1958
2243 2395 518
2244 1202 171
2245 716 1452
2246 918 311
2247 1835 1977
2248 1480 2573
2249 993 1097
2250 378 881
2251 330 1177
2252 2630 2769
2253 1732 83
2254 2492 255
2255 1555 981
2256 1350 1260
2257 2273 2109
2258 1132 594
2259 1715 483
2260 2419 1454
2261 1798 835
2262 1249 792
2263 2200 149
2264 892 912
2265 2196 1499
2266 1104 903
2267 1845 2374
2268 1695 2311
2269 1947 1589
2270 1122 2416
2271 1995 2124
2272 2286 384
2273 1249 301
2274 2642 350
2275 561 117
2276 877 356
2277 2140 5
2278 2140 102
2279 2637 251
2280 561 291
2281 290 1629
2282 2511 551
2283 2632 2258
2284 418 2298
2285 1584 1917
2286 2411 1209
2287 2526 678
2288 1737 1119
2289 880 1735
2290 724 2479
2291 2331 2672
2292 2018 2113
2293 2336 407
2294 2284 2743
2295 1870 432
2296 2379 442
2297 929 2228
2298 380 2182
2299 1161 161
2300 1667 686
2301 1445 910
2302 2411 1454
2303 670 745
2304 2651 139
2305 1696 1007
2306 1844 121
2307 515 1592
2308 1832 1577
2309 1160 1484
2310 1877 1628
2311 2575 694
2312 526 1369
2313 709 2707
2314 2442 1447
2315 1130 1063
2316 806 440
2317 353 1405
2318 2405 2002
2319 1888 2296
2320 904 954
2321 1047 2714
2322 329 2127
2323 2110 192
2324 1761 2513
2325 1079 2249
2326 2090 2780
2327 1619 1586
2328 1374 2437
2329 48 223
2330 46 1359
2331 640 2135
2332 511 1706
2333 1781 29
2334 1470 890
2335 1480 2742
2336 2020 2239
2337 889 2796
2338 677 70
2339 2544 1278
2340 418 171
2341 1442 17
2342 1983 1369
2343 1039 1240
2344 79 880
2345 1704 667
2346 1419 2594
2347 1855 423
2348 993 2538
2349 2695 530
2350 2793 2073
2351 2601 697
2352 675 366
2353 2648 2472
2354 2732 1858
2355 2141 2133
2356 1440 2701
2357 1132 1305
2358 2185 232
2359 2695 2252
2360 709 928
2361 433 748
2362 214 915
2363 1002 761
2364 1843 651
2365 1721 2353
2366 1723 2548
2367 73 723
2368 2009 2124
2369 2378 2770
2370 1300 2662
2371 856 840
2372 2798 2474
2373 2009 2196
2374 1964 253
2375 287 353
2376 1796 1864
2377 1197 677
2378 1938 375
2379 1335 1587
2380 422 1873
2381 1026 605
2382 2519 687
2383 938 73
2384 731 1835
2385 2226 878
2386 1806 2247
2387 1862 220
2388 2527 2102
2389 1885 2326
2390 1819 2411
2391 1130 1309
2392 2689 1020
2393 1202 1034
2394 1220 978
2395 552 1831
2396 1855 80
2397 435 1050
2398 642 174
2399 225 1247
2400 507 2577
2401 437 2546
2402 1264 2488
2403 891 1606
2404 2473 2517
2405 2589 1732
2406 714 2215
2407 190 339
2408 1806 1216
2409 131 1264
2410 463 840
2411 1761 1258
2412 1986 1437
2413 1458 141
2414 2784 4
2415 914 1913
2416 462 1489
2417 1045 1455
2418 1742 1262
2419 1835 584
2420 1022 2492
2421 411 1121
2422 2575 2372
2423 1245 1238
2424 416 504
2425 20 2282
2426 2680 1148
2427 2040 2288
2428 1795 250
2429 2002 1562
2430 2788 1574
2431 336 1947
2432 1720 2686
2433 2168 2683
2434 1611 1645
2435 2250 615
2436 20 30
2437 686 898
2438 2779 2263
2439 636 1164
2440 811 937
2441 1322 460
2442 2131 114
2443 176 2157
2444 2246 989
2445 679 611
2446 2770 1159
2447 2400 553
2448 1326 2703
2449 2066 1865
2450 12 377
2451 123 583
2452 2590 878
2453 2295 1418
2454 1973 2548
2455 2558 167
2456 1636 582
2457 1016 635
2458 2067 896
2459 1916 869
2460 1679 1529
2461 2678 2271
2462 79 2348
2463 294 887
2464 1794 1909
2465 629 1662
2466 1460 677
2467 435 220
2468 207 546
2469 988 2301
2470 2366 1822
2471 1593 348
2472 2189 2098
2473 946 2139
2474 92 136
2475 2401 1340
2476 2275 498
2477 1010 591
2478 1743 2329
2479 902 73
2480 1865 1893
2481 1511 1341
2482 1656 886
2483 1894 345
2484 1725 1501
2485 944 176
2486 1805 2475
2487 559 847
2488 1419 2067
2489 2012 2302
2490 291 430
2491 611 1414
2492 36 1644
2493 1327 201
2494 2565 2753
2495 708 1058
2496 1944 1764
2497 59 2778
2498 187 2159
2499 2456 1956
2500 1851 99