1
950
165218
1 91 1
2 309 219
3 486 396
4 777 687
5 857 767
6 387 297
7 780 690
8 612 522
9 203 113
10 437 347
11 464 374
12 512 422
13 912 822
14 120 30
15 776 686
16 695 605
17 413 323
18 522 432
19 853 763
20 244 154
21 779 689
22 165 75
23 215 125
24 660 570
25 990 900
26 297 207
27 666 576
28 166 76
29 313 223
30 321 231
31 546 456
32 251 161
33 595 505
34 888 798
35 637 547
36 717 627
37 135 45
38 829 739
39 629 539
40 681 591
41 137 47
42 140 50
43 501 411
44 200 110
45 290 200
46 528 438
47 817 727
48 215 125
49 350 260
50 833 743
51 566 476
52 627 537
53 765 675
54 767 677
55 127 37
56 108 18
57 691 601
58 989 899
59 371 281
60 299 209
61 441 351
62 209 119
63 520 430
64 787 697
65 530 440
66 965 875
67 838 748
68 916 826
69 558 468
70 631 541
71 221 131
72 474 384
73 103 13
74 238 148
75 571 481
76 565 475
77 757 667
78 468 378
79 902 812
80 131 41
81 100 10
82 888 798
83 747 657
84 440 350
85 814 724
86 781 691
87 732 642
88 791 701
89 862 772
90 626 536
91 712 622
92 277 187
93 965 875
94 442 352
95 761 671
96 257 167
97 527 437
98 444 354
99 475 385
100 499 409
101 94 4
102 979 889
103 684 594
104 719 629
105 916 826
106 987 897
107 816 726
108 103 13
109 711 621
110 491 401
111 127 37
112 717 627
113 202 112
114 172 82
115 849 759
116 986 896
117 282 192
118 492 402
119 599 509
120 127 37
121 630 540
122 533 443
123 433 343
124 887 797
125 769 679
126 632 542
127 112 22
128 595 505
129 951 861
130 141 51
131 137 47
132 794 704
133 351 261
134 290 200
135 227 137
136 440 350
137 144 54
138 876 786
139 762 672
140 421 331
141 426 336
142 742 652
143 649 559
144 700 610
145 680 590
146 732 642
147 231 141
148 966 876
149 901 811
150 940 850
151 678 588
152 194 104
153 796 706
154 392 302
155 245 155
156 610 520
157 113 23
158 869 779
159 313 223
160 460 370
161 457 367
162 685 595
163 219 129
164 588 498
165 577 487
166 475 385
167 380 290
168 729 639
169 660 570
170 627 537
171 213 123
172 188 98
173 463 373
174 613 523
175 946 856
176 951 861
177 767 677
178 476 386
179 171 81
180 136 46
181 279 189
182 928 838
183 123 33
184 306 216
185 899 809
186 93 3
187 777 687
188 693 603
189 376 286
190 784 694
191 256 166
192 331 241
193 146 56
194 335 245
195 474 384
196 442 352
197 952 862
198 700 610
199 313 223
200 250 160
201 631 541
202 987 897
203 951 861
204 403 313
205 806 716
206 152 62
207 152 62
208 152 62
209 795 705
210 693 603
211 542 452
212 759 669
213 303 213
214 150 60
215 857 767
216 137 47
217 839 749
218 464 374
219 577 487
220 690 600
221 564 474
222 204 114
223 929 839
224 102 12
225 609 519
226 695 605
227 646 556
228 399 309
229 571 481
230 959 869
231 941 851
232 915 825
233 618 528
234 677 587
235 702 612
236 650 560
237 643 553
238 739 649
239 834 744
240 854 764
241 674 584
242 386 296
243 320 230
244 595 505
245 915 825
246 920 830
247 420 330
248 874 784
249 305 215
250 171 81
251 428 338
252 373 283
253 335 245
254 566 476
255 409 319
256 460 370
257 138 48
258 181 91
259 886 796
260 836 746
261 848 758
262 557 467
263 396 306
264 636 546
265 796 706
266 519 429
267 890 800
268 583 493
269 802 712
270 313 223
271 344 254
272 961 871
273 390 300
274 819 729
275 564 474
276 469 379
277 941 851
278 143 53
279 716 626
280 452 362
281 693 603
282 792 702
283 955 865
284 451 361
285 699 609
286 917 827
287 698 608
288 321 231
289 698 608
290 350 260
291 767 677
292 880 790
293 953 863
294 486 396
295 782 692
296 162 72
297 834 744
298 848 758
299 685 595
300 431 341
301 303 213
302 91 1
303 162 72
304 748 658
305 211 121
306 684 594
307 771 681
308 984 894
309 987 897
310 535 445
311 897 807
312 109 19
313 905 815
314 462 372
315 602 512
316 728 638
317 482 392
318 135 45
319 966 876
320 805 715
321 812 722
322 569 479
323 133 43
324 504 414
325 756 666
326 165 75
327 664 574
328 275 185
329 798 708
330 956 866
331 633 543
332 401 311
333 966 876
334 657 567
335 516 426
336 269 179
337 784 694
338 786 696
339 652 562
340 909 819
341 507 417
342 219 129
343 544 454
344 348 258
345 319 229
346 837 747
347 452 362
348 591 501
349 313 223
350 618 528
351 672 582
352 759 669
353 144 54
354 203 113
355 311 221
356 983 893
357 975 885
358 200 110
359 760 670
360 740 650
361 167 77
362 627 537
363 854 764
364 142 52
365 214 124
366 907 817
367 451 361
368 335 245
369 945 855
370 732 642
371 844 754
372 112 22
373 970 880
374 200 110
375 911 821
376 300 210
377 699 609
378 890 800
379 270 180
380 108 18
381 944 854
382 719 629
383 152 62
384 577 487
385 463 373
386 682 592
387 158 68
388 394 304
389 827 737
390 825 735
391 500 410
392 253 163
393 822 732
394 198 108
395 201 111
396 401 311
397 557 467
398 716 626
399 753 663
400 394 304
401 758 668
402 798 708
403 371 281
404 132 42
405 504 414
406 538 448
407 104 14
408 627 537
409 616 526
410 412 322
411 531 441
412 268 178
413 99 9
414 782 692
415 882 792
416 206 116
417 349 259
418 312 222
419 942 852
420 872 782
421 468 378
422 817 727
423 475 385
424 787 697
425 386 296
426 168 78
427 290 200
428 552 462
429 701 611
430 214 124
431 736 646
432 366 276
433 625 535
434 457 367
435 272 182
436 270 180
437 289 199
438 469 379
439 402 312
440 220 130
441 626 536
442 203 113
443 973 883
444 935 845
445 750 660
446 771 681
447 810 720
448 366 276
449 960 870
450 988 898
451 398 308
452 802 712
453 494 404
454 712 622
455 581 491
456 548 458
457 800 710
458 566 476
459 809 719
460 163 73
461 648 558
462 767 677
463 299 209
464 947 857
465 807 717
466 171 81
467 249 159
468 293 203
469 585 495
470 157 67
471 409 319
472 427 337
473 794 704
474 424 334
475 578 488
476 788 698
477 609 519
478 709 619
479 913 823
480 141 51
481 931 841
482 607 517
483 855 765
484 671 581
485 149 59
486 929 839
487 446 356
488 281 191
489 950 860
490 642 552
491 925 835
492 483 393
493 480 390
494 880 790
495 570 480
496 309 219
497 786 696
498 706 616
499 291 201
500 946 856
501 196 106
502 401 311
503 361 271
504 916 826
505 127 37
506 925 835
507 954 864
508 864 774
509 732 642
510 758 668
511 466 376
512 891 801
513 255 165
514 399 309
515 452 362
516 312 222
517 809 719
518 246 156
519 370 280
520 623 533
521 831 741
522 502 412
523 123 33
524 567 477
525 810 720
526 572 482
527 777 687
528 864 774
529 397 307
530 406 316
531 941 851
532 224 134
533 922 832
534 690 600
535 459 369
536 499 409
537 269 179
538 545 455
539 418 328
540 922 832
541 358 268
542 812 722
543 944 854
544 240 150
545 838 748
546 190 100
547 439 349
548 601 511
549 750 660
550 541 451
551 902 812
552 456 366
553 240 150
554 361 271
555 415 325
556 276 186
557 730 640
558 581 491
559 465 375
560 240 150
561 865 775
562 525 435
563 289 199
564 207 117
565 459 369
566 140 50
567 605 515
568 516 426
569 425 335
570 381 291
571 138 48
572 783 693
573 705 615
574 275 185
575 441 351
576 172 82
577 772 682
578 792 702
579 322 232
580 401 311
581 591 501
582 782 692
583 692 602
584 778 688
585 484 394
586 252 162
587 156 66
588 610 520
589 792 702
590 817 727
591 484 394
592 749 659
593 837 747
594 801 711
595 808 718
596 661 571
597 618 528
598 327 237
599 909 819
600 787 697
601 227 137
602 482 392
603 830 740
604 166 76
605 131 41
606 853 763
607 205 115
608 807 717
609 99 9
610 671 581
611 633 543
612 148 58
613 406 316
614 575 485
615 622 532
616 299 209
617 612 522
618 698 608
619 887 797
620 164 74
621 604 514
622 209 119
623 176 86
624 143 53
625 778 688
626 422 332
627 549 459
628 436 346
629 813 723
630 571 481
631 666 576
632 132 42
633 409 319
634 673 583
635 557 467
636 368 278
637 893 803
638 980 890
639 846 756
640 550 460
641 906 816
642 245 155
643 109 19
644 403 313
645 561 471
646 870 780
647 907 817
648 369 279
649 695 605
650 339 249
651 843 753
652 678 588
653 330 240
654 472 382
655 576 486
656 135 45
657 682 592
658 154 64
659 209 119
660 840 750
661 350 260
662 511 421
663 232 142
664 431 341
665 686 596
666 774 684
667 548 458
668 788 698
669 140 50
670 269 179
671 929 839
672 399 309
673 662 572
674 805 715
675 222 132
676 482 392
677 946 856
678 173 83
679 443 353
680 678 588
681 893 803
682 879 789
683 229 139
684 606 516
685 509 419
686 724 634
687 316 226
688 323 233
689 320 230
690 967 877
691 588 498
692 922 832
693 186 96
694 224 134
695 687 597
696 248 158
697 287 197
698 827 737
699 742 652
700 739 649
701 642 552
702 680 590
703 215 125
704 235 145
705 981 891
706 428 338
707 736 646
708 796 706
709 707 617
710 714 624
711 903 813
712 636 546
713 479 389
714 571 481
715 673 583
716 157 67
717 607 517
718 91 1
719 96 6
720 940 850
721 202 112
722 792 702
723 301 211
724 653 563
725 458 368
726 534 444
727 348 258
728 111 21
729 482 392
730 774 684
731 536 446
732 708 618
733 304 214
734 969 879
735 195 105
736 478 388
737 679 589
738 196 106
739 918 828
740 342 252
741 821 731
742 169 79
743 189 99
744 578 488
745 376 286
746 941 851
747 519 429
748 189 99
749 311 221
750 442 352
751 161 71
752 330 240
753 164 74
754 657 567
755 885 795
756 738 648
757 964 874
758 865 775
759 145 55
760 852 762
761 642 552
762 302 212
763 178 88
764 648 558
765 366 276
766 619 529
767 925 835
768 757 667
769 315 225
770 415 325
771 257 167
772 283 193
773 340 250
774 548 458
775 547 457
776 647 557
777 468 378
778 796 706
779 382 292
780 866 776
781 632 542
782 169 79
783 581 491
784 918 828
785 478 388
786 847 757
787 556 466
788 420 330
789 513 423
790 196 106
791 976 886
792 779 689
793 160 70
794 931 841
795 576 486
796 627 537
797 104 14
798 236 146
799 653 563
800 818 728
801 909 819
802 353 263
803 264 174
804 936 846
805 764 674
806 973 883
807 851 761
808 105 15
809 476 386
810 653 563
811 631 541
812 943 853
813 231 141
814 948 858
815 742 652
816 650 560
817 833 743
818 717 627
819 121 31
820 760 670
821 637 547
822 908 818
823 864 774
824 845 755
825 319 229
826 506 416
827 365 275
828 356 266
829 377 287
830 566 476
831 951 861
832 578 488
833 410 320
834 952 862
835 505 415
836 452 362
837 389 299
838 233 143
839 199 109
840 707 617
841 948 858
842 174 84
843 613 523
844 745 655
845 176 86
846 950 860
847 611 521
848 131 41
849 97 7
850 775 685
851 733 643
852 718 628
853 275 185
854 965 875
855 933 843
856 388 298
857 784 694
858 562 472
859 614 524
860 823 733
861 823 733
862 306 216
863 831 741
864 978 888
865 381 291
866 330 240
867 417 327
868 300 210
869 483 393
870 272 182
871 786 696
872 232 142
873 515 425
874 674 584
875 437 347
876 307 217
877 328 238
878 720 630
879 380 290
880 94 4
881 680 590
882 889 799
883 396 306
884 453 363
885 405 315
886 843 753
887 655 565
888 289 199
889 610 520
890 375 285
891 158 68
892 249 159
893 129 39
894 167 77
895 918 828
896 424 334
897 542 452
898 494 404
899 335 245
900 691 601
901 381 291
902 806 716
903 953 863
904 262 172
905 413 323
906 313 223
907 483 393
908 470 380
909 125 35
910 418 328
911 249 159
912 277 187
913 708 618
914 292 202
915 625 535
916 878 788
917 846 756
918 218 128
919 954 864
920 936 846
921 105 15
922 925 835
923 270 180
924 662 572
925 270 180
926 639 549
927 307 217
928 785 695
929 674 584
930 704 614
931 417 327
932 418 328
933 865 775
934 230 140
935 326 236
936 396 306
937 334 244
938 520 430
939 662 572
940 625 535
941 172 82
942 416 326
943 742 652
944 126 36
945 477 387
946 427 337
947 545 455
948 628 538
949 437 347
950 673 583
